==================================================================
A new Round
 
Initial Seed Type:  previous
Chosen Solver:  CoM
Number of LookAhead:  10
Flat Terrain, use the default set up of terrain tangent and norm
The  0 Round:
[[10.  -0.5 -0.5 10. ]
 [ 0.5  0.5 -0.5 -0.5]
 [ 0.   0.   0.   0. ]]
[[10.  -0.5 -0.5 10. ]
 [ 0.5  0.5 -0.5 -0.5]
 [ 0.   0.   0.   0. ]]
[[10.  -0.5 -0.5 10. ]
 [ 0.5  0.5 -0.5 -0.5]
 [ 0.   0.   0.   0. ]]
[[10.  -0.5 -0.5 10. ]
 [ 0.5  0.5 -0.5 -0.5]
 [ 0.   0.   0.   0. ]]
[[10.  -0.5 -0.5 10. ]
 [ 0.5  0.5 -0.5 -0.5]
 [ 0.   0.   0.   0. ]]
[[10.  -0.5 -0.5 10. ]
 [ 0.5  0.5 -0.5 -0.5]
 [ 0.   0.   0.   0. ]]
[[10.  -0.5 -0.5 10. ]
 [ 0.5  0.5 -0.5 -0.5]
 [ 0.   0.   0.   0. ]]
[[10.  -0.5 -0.5 10. ]
 [ 0.5  0.5 -0.5 -0.5]
 [ 0.   0.   0.   0. ]]
[[10.  -0.5 -0.5 10. ]
 [ 0.5  0.5 -0.5 -0.5]
 [ 0.   0.   0.   0. ]]
[[10.  -0.5 -0.5 10. ]
 [ 0.5  0.5 -0.5 -0.5]
 [ 0.   0.   0.   0. ]]

=======================================
           Academic License
       (NOT FOR COMMERCIAL USE)
         Artelys Knitro 10.3.0
=======================================

Knitro presolve eliminated 295 variables and 17395 constraints.

Knitro changing algorithm from AUTO to 1.
Knitro changing bar_initpt from AUTO to 3.
Knitro changing bar_murule from AUTO to 4.
Knitro changing bar_penaltycons from AUTO to 1.
Knitro changing bar_penaltyrule from AUTO to 2.
Knitro changing bar_switchrule from AUTO to 2.
Knitro changing linesearch from AUTO to 1.
Knitro changing linsolver from AUTO to 5.
Knitro shifted start point to satisfy presolved bounds (484 variables).
Knitro fixing 295 variables eliminated from the presolve.

Problem Characteristics                    ( Presolved)
-----------------------
Objective goal:  Minimize
Number of variables:                        2455 (      2160)
    bounded below only:                        0 (         0)
    bounded above only:                        0 (         0)
    bounded below and above:                2455 (      2160)
    fixed:                                     0 (         0)
    free:                                      0 (         0)
Number of constraints:                     35004 (     17629)
    linear equalities:                      1405 (       807)
    nonlinear equalities:                    294 (       294)
    linear one-sided inequalities:         33283 (     16528)
    nonlinear one-sided inequalities:          0 (         0)
    linear two-sided inequalities:            22 (         0)
    nonlinear two-sided inequalities:          0 (         0)
Number of nonzeros in Jacobian:           185066 (     81646)
Number of nonzeros in Hessian:              6169 (      4735)

  Iter      Objective      FeasError   OptError    ||Step||    CGits 
--------  --------------  ----------  ----------  ----------  -------
       0    3.518415e+03   1.600e+03
      10    3.289645e+03   1.463e+03   8.793e+01   1.847e+02        0
      20    3.058184e+03   1.371e+03   3.467e+02   1.729e+02        0
      30    2.961207e+03   1.320e+03   1.909e+03   1.601e+02        0
      40    2.832478e+03   1.271e+03   6.818e+03   3.985e+01        0
      50    2.706538e+03   1.222e+03   1.202e+04   1.406e+01        0
      60    2.549118e+03   1.161e+03   9.171e+03   9.948e+01        0
      70    2.427545e+03   1.111e+03   2.238e+04   2.426e+01        0
      80    2.388845e+03   1.094e+03   9.056e+04   3.176e+01        0
      90    2.308040e+03   1.051e+03   3.338e+04   2.909e+02        0
     100    2.191835e+03   9.952e+02   7.164e+04   6.129e+01        0
     110    2.101595e+03   9.502e+02   1.106e+05   6.396e+01        0
     120    2.034122e+03   9.115e+02   1.448e+05   4.340e+00        0
     130    1.952575e+03   8.694e+02   1.486e+05   3.097e+01        0
     140    1.874404e+03   8.208e+02   1.690e+05   1.255e+02        0
     150    1.803823e+03   7.711e+02   1.941e+05   1.221e+02        0
     160    1.730446e+03   7.258e+02   2.422e+05   1.970e+02        0
     170    1.669915e+03   6.832e+02   2.783e+05   7.385e+01        0
     180    1.585681e+03   6.318e+02   3.632e+04   7.393e+01        0
     190    1.563503e+03   6.007e+02   3.636e+04   2.823e+01        0
     200    1.548037e+03   5.777e+02   1.134e+05   2.327e+02        0
     210    1.543982e+03   5.613e+02   3.087e+03   5.445e+01        0
     220    1.528010e+03   5.315e+02   3.084e+03   2.955e+01        0
     230    1.493344e+03   4.917e+02   3.080e+03   9.466e+01        0
     240    1.442287e+03   4.477e+02   3.075e+03   7.868e+01        0
     250    1.410960e+03   4.215e+02   3.072e+03   4.893e+01        0
     260    1.375958e+03   3.844e+02   3.066e+03   1.130e+02        0
     270    1.343588e+03   3.557e+02   3.060e+03   5.951e+01        0
     280    1.328962e+03   3.344e+02   3.057e+03   2.093e+02        0
     290    1.316297e+03   3.149e+02   3.054e+03   6.101e+01        0
     300    1.306283e+03   3.009e+02   3.052e+03   1.941e+02        0
     310    1.303411e+03   2.798e+02   3.050e+03   3.102e+02        0
     320    1.296387e+03   2.558e+02   3.046e+03   1.145e+02        0
     330    1.303022e+03   2.434e+02   3.045e+03   4.575e+01        0
     340    1.308255e+03   2.180e+02   3.042e+03   1.615e+02        0
     350    1.269886e+03   2.045e+02   3.039e+03   2.388e+01        0
     360    1.280147e+03   1.840e+02   3.036e+03   8.211e+01        0
     370    1.267560e+03   1.606e+02   3.031e+03   5.621e+01        0
     380    1.255716e+03   1.426e+02   3.027e+03   2.453e+01        0
     390    1.475256e+03   3.347e+02   3.013e+03   4.473e+01        0
     400    1.350482e+03   1.453e+02   3.013e+03   3.304e+01       48
     410    1.319559e+03   1.345e+02   3.011e+03   8.794e+01        0
     420    1.288117e+03   1.126e+02   3.009e+03   5.526e+01        0
     430    1.279394e+03   1.079e+02   3.008e+03   1.096e+02        0
     440    1.262661e+03   9.812e+01   3.006e+03   1.261e+02        0
     450    1.253132e+03   9.090e+01   3.005e+03   7.881e+01        0
     460    1.165208e+03   1.001e+02   3.006e+03   8.642e+00        0
     470    1.141377e+03   8.932e+01   3.004e+03   1.303e+02        0
     480    1.135964e+03   8.211e+01   3.003e+03   6.955e+01        0
     490    1.116369e+03   7.201e+01   3.002e+03   2.327e+01        0
     500    1.093320e+03   6.364e+01   3.001e+03   1.075e+01        0
     510    1.082228e+03   5.962e+01   2.999e+03   7.798e+01        0
     520    1.054023e+03   5.009e+01   2.996e+03   7.214e+01        0
     530    1.016423e+03   3.725e+01   2.993e+03   8.591e+01        0
     540    9.706086e+02   2.634e+01   2.990e+03   2.752e+02        0
     550    9.482256e+02   2.072e+01   2.991e+03   5.323e+01        0
     560    9.337078e+02   1.519e+01   3.001e+03   1.293e+02        0
     570    9.078586e+02   8.935e+00   3.001e+03   2.071e+02        0
     580    8.952217e+02   2.652e+00   3.000e+03   2.222e+02        0
     590    4.160070e+02   1.004e+00   7.383e+00   5.738e+02        0
     600    3.518226e+02   1.767e-02   7.933e-01   1.575e+02        0
     610    3.490705e+02   5.911e-03   7.989e-03   5.658e+00        0
     620    3.489685e+02   3.735e-05   3.992e-02   3.710e+01        0
     630    3.489602e+02   2.524e-02   2.687e-04   2.168e+01        0
     635    3.489557e+02   1.861e-10   5.672e-07   5.083e-03        0

EXIT: Locally optimal solution found.

Final Statistics
----------------
Final objective value               =   3.48955675624090e+02
Final feasibility error (abs / rel) =   1.86e-10 / 1.16e-13
Final optimality error  (abs / rel) =   5.67e-07 / 2.67e-08
# of iterations                     =        635 
# of CG iterations                  =        453 
# of function evaluations           =        640
# of gradient evaluations           =        637
# of Hessian evaluations            =        635
Total program time (secs)           =      23.49863 (    23.498 CPU time)
Time spent in evaluations (secs)    =       1.69980

===============================================================================

      solver  :   t_proc      (avg)   t_wall      (avg)    n_eval
      nlp_fg  | 715.59ms (  1.12ms) 714.89ms (  1.12ms)       641
   nlp_gf_jg  | 863.43ms (  1.36ms) 863.00ms (  1.35ms)       637
    nlp_grad  |   2.10ms (  2.10ms)   2.10ms (  2.10ms)         1
  nlp_hess_l  |  93.79ms (147.70us)  93.00ms (146.46us)       635
       total  |  23.86 s ( 23.86 s)  23.69 s ( 23.69 s)         1
Round  0 True
Full Cost Value:  0.1234477615130293
Acceleration:  0.12333351267439552
Momentum:  0.00011424883863376331
Total Program Time:  23.8638
First Level NLP Results:
x_res:  [0.6    0.6    0.6002 0.6006 0.6012 0.6021 0.6032 0.6044 0.607  0.6101
 0.6139 0.6184 0.6236 0.6295 0.6361 0.6376 0.6391 0.6407 0.6423 0.644
 0.6457 0.6474]
y_res:  [ 0.0000e+00  4.2607e-13 -9.7061e-04 -2.7932e-03 -5.3490e-03 -8.5195e-03
 -1.2186e-02 -1.6230e-02 -2.3401e-02 -2.8278e-02 -3.1244e-02 -3.2560e-02
 -3.2387e-02 -3.0799e-02 -2.7792e-02 -2.6915e-02 -2.6040e-02 -2.5169e-02
 -2.4302e-02 -2.3442e-02 -2.2590e-02 -2.1746e-02]
z_res:  [0.8    0.8    0.8001 0.8002 0.8004 0.8006 0.8008 0.8011 0.8017 0.8018
 0.8017 0.8013 0.8008 0.8001 0.7992 0.799  0.7988 0.7986 0.7984 0.7982
 0.798  0.7978]
xdot_res:  [0.     0.0048 0.0097 0.0147 0.0197 0.0248 0.03   0.0353 0.0442 0.0534
 0.0628 0.0724 0.0822 0.0923 0.1071 0.109  0.111  0.113  0.115  0.1169
 0.1189 0.1209]
ydot_res:  [ 0.     -0.0226 -0.0425 -0.0596 -0.074  -0.0856 -0.0944 -0.1004 -0.0683
 -0.0415 -0.0184  0.0024  0.0222  0.0421  0.0614  0.0612  0.061   0.0606
  0.0602  0.0597  0.0591  0.0584]
zdot_res:  [ 0.      0.0015  0.0028  0.004   0.0051  0.0061  0.0069  0.0076  0.0019
 -0.002  -0.005  -0.0074 -0.0097 -0.0122 -0.0146 -0.0145 -0.0144 -0.0143
 -0.0143 -0.0142 -0.0141 -0.014 ]
Lx_res:  [ 0.0000e+00 -3.2293e-16 -3.1974e-08 -5.5871e-08 -7.4184e-08 -9.3481e-08
 -1.0555e-07 -1.1721e-07  6.7598e-03  1.1855e-02  1.5844e-02  1.9196e-02
  2.2332e-02  2.5660e-02  2.9297e-02  2.9297e-02  2.9297e-02  2.9297e-02
  2.9298e-02  2.9298e-02  2.9298e-02  2.9298e-02]
Ly_res:  [ 0.0000e+00 -3.5822e-16 -9.5923e-08 -1.8179e-07 -2.5936e-07 -3.2714e-07
 -3.9038e-07 -4.4639e-07 -4.9941e-07 -5.4819e-07 -6.0723e-07 -6.7155e-07
 -7.6864e-07 -1.0363e-06 -8.9479e-04 -8.9447e-04 -8.9412e-04 -8.9379e-04
 -8.9345e-04 -8.9312e-04 -8.9280e-04 -8.9267e-04]
Lz_res:  [ 0.0000e+00 -2.0624e-16 -6.8759e-09  6.2591e-09  3.2948e-08  7.4335e-08
  1.1449e-07  1.6714e-07  2.5534e-07 -6.7595e-03 -1.1855e-02 -1.5843e-02
 -1.9195e-02 -2.2331e-02 -2.5659e-02 -2.8402e-02 -2.8402e-02 -2.8403e-02
 -2.8404e-02 -2.8404e-02 -2.8405e-02 -2.8406e-02]
Ldotx_res:  [ 0.0000e+00 -7.4606e-07 -5.5761e-07 -4.2730e-07 -4.5026e-07 -2.8170e-07
 -2.7209e-07  9.4638e-02  7.1332e-02  5.5846e-02  4.6931e-02  4.3900e-02
  4.6595e-02  5.0913e-02  1.4028e-05  1.9039e-05  1.8847e-05  1.8996e-05
  1.8411e-05  1.8493e-05 -3.1834e-06 -4.1446e-11]
Ldoty_res:  [ 0.0000e+00 -2.2382e-06 -2.0035e-06 -1.8101e-06 -1.5816e-06 -1.4754e-06
 -1.3070e-06 -7.4226e-07 -6.8292e-07 -8.2654e-07 -9.0053e-07 -1.3592e-06
 -3.7478e-06 -1.2513e-02  2.2281e-05  2.4547e-05  2.3520e-05  2.3409e-05
  2.3076e-05  2.2911e-05  9.0314e-06  5.5932e-11]
Ldotz_res:  [ 0.0000e+00 -1.6044e-07  3.0648e-07  6.2275e-07  9.6568e-07  9.3687e-07
  1.2285e-06  1.2348e-06 -9.4637e-02 -7.1330e-02 -5.5844e-02 -4.6928e-02
 -4.3896e-02 -4.6588e-02 -1.9201e-01 -5.2982e-05 -5.1535e-05 -4.8319e-05
 -4.7063e-05 -4.5670e-05 -5.2282e-05 -2.9936e-01]
px_res:  [0.9161]
py_res:  [0.0985]
pz_res:  [0.]
Ts_res:  [0.3 0.8 0.9]
FR1x_res:  [ 6.2422e-01  1.2853e+00  1.1438e+00  1.0909e+00  2.6640e+00  1.3620e+00
  2.5668e+00  5.8696e+00  5.3697e+00  5.6513e+00  5.4910e+00  5.2837e+00
  5.4495e+00  1.0293e+01 -5.0391e+00 -5.3571e+00 -5.3857e+00 -5.1635e+00
 -4.9383e+00 -5.2582e+00 -2.3294e-02 -2.6034e-06]
FR1y_res:  [-3.1508e+00 -3.0752e+00 -2.9647e+00 -2.6332e+00 -2.6921e+00 -2.7394e+00
 -2.1803e+00  1.4913e+01  1.7888e+01  1.4436e+01  1.2400e+01  1.0612e+01
  1.1211e+01  6.9907e+00 -1.0219e+00 -1.4994e+00 -2.9856e-01  2.5310e-01
  5.7280e-01  1.4094e+00 -9.0799e+00  9.2712e-07]
FR1z_res:  [ 86.5859  89.1612  93.1481  97.2766 105.0512 106.3297 110.7877 400.
 400.     400.     400.     400.     400.     400.      57.2942  66.2202
  68.1716  69.8335  71.2119  70.9723  99.2244 333.3333]
Second Level Results:
x_res:  [0.6474 0.6525 0.658  0.6637 0.6696 0.6758 0.6822 0.6888 0.7003 0.7125
 0.7253 0.7388 0.7529 0.7677 0.7831 0.7927 0.8026 0.8126 0.8229 0.8334
 0.8441 0.8551 0.8736 0.8928 0.9126 0.9329 0.9538 0.9753 0.9973 1.0108
 1.0246 1.0385 1.0527 1.067  1.0815 1.0962 1.121  1.1464 1.1722 1.1986
 1.2254 1.2527 1.2806 1.2975 1.3147 1.332  1.3495 1.3671 1.3849 1.4029
 1.4331 1.4638 1.4949 1.5264 1.5584 1.5907 1.6235 1.6434 1.6635 1.6836
 1.704  1.7244 1.745  1.7658 1.8006 1.8357 1.8712 1.9071 1.9433 1.9799
 2.0168 2.0391 2.0616 2.0841 2.1068 2.1296 2.1525 2.1755 2.214  2.2528
 2.2919 2.3313 2.3709 2.4108 2.451  2.4753 2.4996 2.524  2.5486 2.5732
 2.5979 2.6226 2.664  2.7057 2.7475 2.7896 2.8318 2.8742 2.9169 2.9425
 2.9683 2.9941 3.0199 3.0458 3.0718 3.0979 3.1413 3.1849 3.2287 3.2726
 3.3166 3.3607 3.4049 3.4315 3.4582 3.4848 3.5115 3.5383 3.565  3.5918
 3.6365 3.6813 3.7261 3.771  3.8159 3.8609 3.9059 3.9329 3.9599 3.9869
 4.014  4.041  4.0681 4.0951]
y_res:  [-2.1746e-02 -1.9245e-02 -1.6861e-02 -1.4614e-02 -1.2519e-02 -1.0586e-02
 -8.8188e-03 -7.2205e-03 -4.8356e-03 -2.8914e-03 -1.3510e-03 -1.7007e-04
  6.9921e-04  1.3052e-03  1.6943e-03  1.8235e-03  1.8990e-03  1.9287e-03
  1.9203e-03  1.8804e-03  1.8154e-03  1.7308e-03  1.5652e-03  1.3770e-03
  1.1807e-03  9.8680e-04  8.0298e-04  6.3427e-04  4.8364e-04  4.0488e-04
  3.3322e-04  2.6864e-04  2.1100e-04  1.6009e-04  1.1561e-04  7.7216e-05
  2.2734e-05 -1.7891e-05 -4.6701e-05 -6.5692e-05 -7.6738e-05 -8.1544e-05
 -8.1612e-05 -7.9584e-05 -7.6568e-05 -7.2786e-05 -6.8439e-05 -6.3699e-05
 -5.8719e-05 -5.3628e-05 -4.5140e-05 -3.7017e-05 -2.9510e-05 -2.2775e-05
 -1.6888e-05 -1.1869e-05 -7.6913e-06 -5.6562e-06 -3.8891e-06 -2.3733e-06
 -1.0907e-06 -2.2652e-08  8.5008e-07  1.5466e-06  2.4454e-06  2.9906e-06
  3.2591e-06  3.3199e-06  3.2338e-06  3.0525e-06  2.8195e-06  2.6700e-06
  2.5214e-06  2.3794e-06  2.2489e-06  2.1341e-06  2.0383e-06  1.9641e-06
  1.8795e-06  1.8639e-06  1.9162e-06  2.0305e-06  2.1961e-06  2.3970e-06
  2.6116e-06  2.7321e-06  2.8406e-06  2.9294e-06  2.9897e-06  3.0118e-06
  2.9849e-06  2.8973e-06  2.6286e-06  2.0889e-06  1.2043e-06 -1.0416e-07
 -1.9188e-06 -4.3216e-06 -7.3896e-06 -9.6691e-06 -1.2224e-05 -1.5061e-05
 -1.8187e-05 -2.1600e-05 -2.5293e-05 -2.9252e-05 -3.6256e-05 -4.3756e-05
 -5.1477e-05 -5.9028e-05 -6.5886e-05 -7.1374e-05 -7.4643e-05 -7.4652e-05
 -7.3242e-05 -7.0137e-05 -6.5040e-05 -5.7628e-05 -4.7557e-05 -3.4464e-05
 -6.9715e-06  3.1818e-05  8.3771e-05  1.5067e-04  2.3408e-04  3.3517e-04
  4.5450e-04  5.3687e-04  6.2546e-04  7.1990e-04  8.1955e-04  9.2357e-04
  1.0308e-03  1.1399e-03]
z_res:  [0.7978 0.7972 0.7966 0.796  0.7954 0.7949 0.7943 0.7938 0.7929 0.792
 0.7911 0.7903 0.7895 0.7888 0.788  0.7876 0.7871 0.7867 0.7863 0.7859
 0.7855 0.7851 0.7845 0.7839 0.7833 0.7828 0.7822 0.7817 0.7812 0.7809
 0.7806 0.7804 0.7801 0.7798 0.7796 0.7793 0.779  0.7786 0.7782 0.7779
 0.7776 0.7773 0.777  0.7769 0.7767 0.7766 0.7764 0.7763 0.7762 0.7761
 0.7759 0.7757 0.7756 0.7754 0.7753 0.7752 0.7751 0.7751 0.7751 0.775
 0.775  0.775  0.775  0.775  0.775  0.775  0.775  0.775  0.7751 0.7751
 0.7752 0.7753 0.7753 0.7754 0.7755 0.7755 0.7756 0.7757 0.7758 0.776
 0.7761 0.7763 0.7765 0.7767 0.7769 0.777  0.7772 0.7773 0.7774 0.7776
 0.7777 0.7779 0.7781 0.7784 0.7787 0.779  0.7792 0.7795 0.7798 0.78
 0.7802 0.7804 0.7806 0.7808 0.781  0.7812 0.7815 0.7819 0.7822 0.7826
 0.7829 0.7833 0.7837 0.7839 0.7841 0.7844 0.7846 0.7848 0.785  0.7853
 0.7857 0.7861 0.7864 0.7868 0.7872 0.7876 0.788  0.7883 0.7885 0.7888
 0.789  0.7892 0.7895 0.7897]
xdot_res:  [0.1209 0.1267 0.1325 0.1383 0.144  0.1498 0.1554 0.1611 0.1704 0.1796
 0.1887 0.1978 0.2067 0.2156 0.2243 0.2295 0.2347 0.2399 0.245  0.2501
 0.2551 0.2602 0.2684 0.2766 0.2847 0.2927 0.3006 0.3084 0.3161 0.3207
 0.3252 0.3297 0.3342 0.3387 0.3431 0.3475 0.3547 0.3619 0.3689 0.3758
 0.3827 0.3894 0.3961 0.4001 0.404  0.4079 0.4118 0.4156 0.4194 0.4231
 0.4293 0.4354 0.4414 0.4473 0.4531 0.4588 0.4644 0.4678 0.4711 0.4743
 0.4776 0.4808 0.4839 0.4871 0.4922 0.4972 0.5022 0.507  0.5118 0.5165
 0.521  0.5237 0.5264 0.5291 0.5317 0.5342 0.5368 0.5393 0.5434 0.5474
 0.5513 0.5551 0.5588 0.5624 0.5659 0.568  0.5701 0.5721 0.5741 0.576
 0.5779 0.5798 0.5828 0.5858 0.5886 0.5914 0.5941 0.5967 0.5991 0.6006
 0.602  0.6034 0.6048 0.6061 0.6074 0.6086 0.6106 0.6125 0.6143 0.616
 0.6177 0.6192 0.6206 0.6215 0.6223 0.623  0.6237 0.6244 0.6251 0.6257
 0.6267 0.6275 0.6283 0.629  0.6296 0.63   0.6304 0.6306 0.6308 0.6309
 0.631  0.6311 0.6311 0.6311]
ydot_res:  [ 5.8358e-02  5.5627e-02  5.2424e-02  4.8883e-02  4.5117e-02  4.1227e-02
  3.7294e-02  3.3389e-02  2.7219e-02  2.1566e-02  1.6533e-02  1.2170e-02
  8.4834e-03  5.4478e-03  3.0156e-03  1.7601e-03  6.9417e-04 -1.9725e-04
 -9.2928e-04 -1.5171e-03 -1.9754e-03 -2.3185e-03 -2.6336e-03 -2.7489e-03
 -2.7145e-03 -2.5735e-03 -2.3619e-03 -2.1089e-03 -1.8376e-03 -1.6721e-03
 -1.5070e-03 -1.3449e-03 -1.1880e-03 -1.0378e-03 -8.9580e-04 -7.6274e-04
 -5.6874e-04 -4.0334e-04 -2.6588e-04 -1.5465e-04 -6.7276e-05 -9.4814e-07
  4.7303e-05  7.0388e-05  8.8234e-05  1.0144e-04  1.1059e-04  1.1621e-04
  1.1880e-04  1.1883e-04  1.1372e-04  1.0509e-04  9.4299e-05  8.2414e-05
  7.0269e-05  5.8482e-05  4.7485e-05  4.1233e-05  3.5369e-05  2.9926e-05
  2.4921e-05  2.0364e-05  1.6253e-05  1.2583e-05  7.6324e-06  3.7586e-06
  8.5209e-07 -1.2063e-06 -2.5380e-06 -3.2615e-06 -3.4884e-06 -3.4683e-06
 -3.3134e-06 -3.0438e-06 -2.6785e-06 -2.2355e-06 -1.7319e-06 -1.1841e-06
 -2.1863e-07  7.3176e-07  1.6003e-06  2.3182e-06  2.8128e-06  3.0053e-06
  2.8096e-06  2.5318e-06  2.0721e-06  1.4078e-06  5.1604e-07 -6.2693e-07
 -2.0449e-06 -3.7613e-06 -7.5570e-06 -1.2384e-05 -1.8318e-05 -2.5405e-05
 -3.3639e-05 -4.2953e-05 -5.3188e-05 -5.9603e-05 -6.6216e-05 -7.2931e-05
 -7.9630e-05 -8.6169e-05 -9.2380e-05 -9.8063e-05 -1.0500e-04 -1.0808e-04
 -1.0571e-04 -9.6015e-05 -7.6834e-05 -4.5768e-05 -2.1593e-07  3.2918e-05
  7.2443e-05  1.1893e-04  1.7294e-04  2.3498e-04  3.0551e-04  3.8489e-04
  5.4306e-04  7.2734e-04  9.3658e-04  1.1677e-03  1.4153e-03  1.6707e-03
  1.9218e-03  2.0673e-03  2.2034e-03  2.3253e-03  2.4272e-03  2.5027e-03
  2.5444e-03  2.5444e-03]
zdot_res:  [-1.4049e-02 -1.3830e-02 -1.3612e-02 -1.3396e-02 -1.3180e-02 -1.2966e-02
 -1.2753e-02 -1.2541e-02 -1.2191e-02 -1.1845e-02 -1.1501e-02 -1.1161e-02
 -1.0824e-02 -1.0490e-02 -1.0159e-02 -9.9623e-03 -9.7663e-03 -9.5714e-03
 -9.3778e-03 -9.1853e-03 -8.9940e-03 -8.8038e-03 -8.4902e-03 -8.1799e-03
 -7.8729e-03 -7.5691e-03 -7.2686e-03 -6.9714e-03 -6.6775e-03 -6.5024e-03
 -6.3284e-03 -6.1557e-03 -5.9841e-03 -5.8137e-03 -5.6446e-03 -5.4766e-03
 -5.1999e-03 -4.9266e-03 -4.6567e-03 -4.3900e-03 -4.1268e-03 -3.8668e-03
 -3.6102e-03 -3.4575e-03 -3.3060e-03 -3.1557e-03 -3.0066e-03 -2.8587e-03
 -2.7121e-03 -2.5666e-03 -2.3276e-03 -2.0920e-03 -1.8598e-03 -1.6310e-03
 -1.4056e-03 -1.1836e-03 -9.6501e-04 -8.3511e-04 -7.0645e-04 -5.7902e-04
 -4.5283e-04 -3.2788e-04 -2.0418e-04 -8.1720e-05  1.1894e-04  3.1614e-04
  5.0987e-04  7.0013e-04  8.8691e-04  1.0702e-03  1.2500e-03  1.3567e-03
  1.4620e-03  1.5661e-03  1.6690e-03  1.7705e-03  1.8708e-03  1.9699e-03
  2.1314e-03  2.2894e-03  2.4439e-03  2.5948e-03  2.7422e-03  2.8860e-03
  3.0263e-03  3.1091e-03  3.1907e-03  3.2710e-03  3.3500e-03  3.4277e-03
  3.5041e-03  3.5792e-03  3.7008e-03  3.8187e-03  3.9331e-03  4.0438e-03
  4.1509e-03  4.2543e-03  4.3542e-03  4.4127e-03  4.4700e-03  4.5259e-03
  4.5805e-03  4.6338e-03  4.6858e-03  4.7364e-03  4.8172e-03  4.8942e-03
  4.9675e-03  5.0371e-03  5.1030e-03  5.1651e-03  5.2236e-03  5.2573e-03
  5.2897e-03  5.3207e-03  5.3503e-03  5.3787e-03  5.4056e-03  5.4312e-03
  5.4701e-03  5.5052e-03  5.5365e-03  5.5640e-03  5.5877e-03  5.6076e-03
  5.6237e-03  5.6320e-03  5.6390e-03  5.6445e-03  5.6487e-03  5.6514e-03
  5.6528e-03  5.6528e-03]
px_res:  [1.2392 1.5553 1.8785 2.1946 2.5177 2.8338 3.1569 3.473  3.7144]
py_res:  [-0.1061  0.0955 -0.1092  0.0908 -0.1138  0.0856 -0.119   0.08   -0.1786]
pz_res:  [0. 0. 0. 0. 0. 0. 0. 0. 0.]
Ts_res:  [0.1506 0.5128 0.6726 1.0307 1.1876 1.5434 1.6985 2.0529 2.2067 2.56
 2.7128 3.0652 3.2172 3.5688 3.7201 4.0711 4.2219 4.5723 4.7226]
The  1 Round:
[[10.  -0.5 -0.5 10. ]
 [ 0.5  0.5 -0.5 -0.5]
 [ 0.   0.   0.   0. ]]
[[10.  -0.5 -0.5 10. ]
 [ 0.5  0.5 -0.5 -0.5]
 [ 0.   0.   0.   0. ]]
[[10.  -0.5 -0.5 10. ]
 [ 0.5  0.5 -0.5 -0.5]
 [ 0.   0.   0.   0. ]]
[[10.  -0.5 -0.5 10. ]
 [ 0.5  0.5 -0.5 -0.5]
 [ 0.   0.   0.   0. ]]
[[10.  -0.5 -0.5 10. ]
 [ 0.5  0.5 -0.5 -0.5]
 [ 0.   0.   0.   0. ]]
[[10.  -0.5 -0.5 10. ]
 [ 0.5  0.5 -0.5 -0.5]
 [ 0.   0.   0.   0. ]]
[[10.  -0.5 -0.5 10. ]
 [ 0.5  0.5 -0.5 -0.5]
 [ 0.   0.   0.   0. ]]
[[10.  -0.5 -0.5 10. ]
 [ 0.5  0.5 -0.5 -0.5]
 [ 0.   0.   0.   0. ]]
[[10.  -0.5 -0.5 10. ]
 [ 0.5  0.5 -0.5 -0.5]
 [ 0.   0.   0.   0. ]]
[[10.  -0.5 -0.5 10. ]
 [ 0.5  0.5 -0.5 -0.5]
 [ 0.   0.   0.   0. ]]

=======================================
           Academic License
       (NOT FOR COMMERCIAL USE)
         Artelys Knitro 10.3.0
=======================================

Knitro presolve eliminated 295 variables and 17411 constraints.

Knitro changing algorithm from AUTO to 1.
Knitro changing bar_initpt from AUTO to 3.
Knitro changing bar_murule from AUTO to 4.
Knitro changing bar_penaltycons from AUTO to 1.
Knitro changing bar_penaltyrule from AUTO to 2.
Knitro changing bar_switchrule from AUTO to 2.
Knitro changing linesearch from AUTO to 1.
Knitro changing linsolver from AUTO to 5.
Knitro shifted start point to satisfy presolved bounds (387 variables).
Knitro fixing 295 variables eliminated from the presolve.

Problem Characteristics                    ( Presolved)
-----------------------
Objective goal:  Minimize
Number of variables:                        2455 (      2160)
    bounded below only:                        0 (         0)
    bounded above only:                        0 (         0)
    bounded below and above:                2455 (      2160)
    fixed:                                     0 (         0)
    free:                                      0 (         0)
Number of constraints:                     35004 (     17613)
    linear equalities:                      1405 (       807)
    nonlinear equalities:                    294 (       294)
    linear one-sided inequalities:         33283 (     16512)
    nonlinear one-sided inequalities:          0 (         0)
    linear two-sided inequalities:            22 (         0)
    nonlinear two-sided inequalities:          0 (         0)
Number of nonzeros in Jacobian:           185066 (     81923)
Number of nonzeros in Hessian:              6169 (      4735)

  Iter      Objective      FeasError   OptError    ||Step||    CGits 
--------  --------------  ----------  ----------  ----------  -------
       0    8.390972e+02   5.031e+00
      10    1.008551e+03   6.065e-01   6.199e+02   4.423e+02        0
      20    8.178766e+02   1.948e-01   6.733e+02   9.730e+02        0
      30    3.646944e+02   4.987e-02   5.064e+00   1.029e+02        0
      40    3.579751e+02   1.438e+00   1.595e+02   4.469e+02        0
      50    4.608102e+02   1.788e-02   9.682e+00   1.982e+01        0
      60    3.173297e+02   4.303e-01   1.514e+01   4.743e+02        0
      70    3.100963e+02   9.552e-03   1.355e-01   1.272e+01        0
      80    3.097770e+02   1.444e-03   3.535e-01   1.625e+01        0
      90    3.096470e+02   5.044e-04   4.484e-02   3.903e-02        0
     100    3.096289e+02   1.950e-04   3.060e-02   1.289e+02        0
     105    3.096279e+02   5.755e-07   3.884e-06   3.615e+01        0

EXIT: Locally optimal solution found.

Final Statistics
----------------
Final objective value               =   3.09627897031550e+02
Final feasibility error (abs / rel) =   5.75e-07 / 1.14e-07
Final optimality error  (abs / rel) =   3.88e-06 / 4.13e-08
# of iterations                     =        105 
# of CG iterations                  =         73 
# of function evaluations           =        111
# of gradient evaluations           =        107
# of Hessian evaluations            =        105
Total program time (secs)           =       4.83124 (     4.818 CPU time)
Time spent in evaluations (secs)    =       0.28934

===============================================================================

      solver  :   t_proc      (avg)   t_wall      (avg)    n_eval
      nlp_fg  | 123.03ms (  1.10ms) 123.11ms (  1.10ms)       112
   nlp_gf_jg  | 148.96ms (  1.39ms) 149.00ms (  1.39ms)       107
    nlp_grad  |   2.47ms (  2.47ms)   2.47ms (  2.47ms)         1
  nlp_hess_l  |  15.56ms (148.17us)  15.41ms (146.78us)       105
       total  |   5.02 s (  5.02 s)   5.03 s (  5.03 s)         1
Round  1 True
Full Cost Value:  1.0311329475407618
Acceleration:  1.0301628124979
Momentum:  0.0009701350428614164
Total Program Time:  5.0205
First Level NLP Results:
x_res:  [0.6474 0.6525 0.6604 0.6708 0.6833 0.6976 0.7135 0.7307 0.7611 0.786
 0.807  0.8253 0.8418 0.8577 0.8731 0.8762 0.8792 0.8822 0.8853 0.8884
 0.8915 0.8947]
y_res:  [-0.0217 -0.0192 -0.0154 -0.0103 -0.0043  0.0026  0.0101  0.018   0.0316
  0.0409  0.0466  0.0493  0.0493  0.0468  0.0423  0.041   0.0398  0.0385
  0.0372  0.036   0.0347  0.0335]
z_res:  [0.7978 0.7972 0.7969 0.7969 0.7973 0.7978 0.7985 0.7994 0.801  0.8002
 0.7977 0.7943 0.7904 0.7863 0.7822 0.7813 0.7805 0.7797 0.7788 0.778
 0.7772 0.7764]
xdot_res:  [0.1209 0.1843 0.2412 0.2913 0.3348 0.3715 0.4015 0.4248 0.3495 0.2937
 0.2552 0.2318 0.2222 0.2163 0.2113 0.2125 0.2138 0.2151 0.2165 0.2179
 0.2193 0.2208]
ydot_res:  [ 5.8358e-02  9.0214e-02  1.1774e-01  1.4100e-01  1.5998e-01  1.7468e-01
  1.8510e-01  1.9125e-01  1.2990e-01  7.9721e-02  3.7392e-02  9.8751e-05
 -3.4567e-02 -6.3817e-02 -8.7673e-02 -8.7997e-02 -8.8130e-02 -8.8070e-02
 -8.7817e-02 -8.7369e-02 -8.6729e-02 -8.5932e-02]
zdot_res:  [-0.014  -0.0062  0.0008  0.007   0.0124  0.0169  0.0205  0.0233 -0.0124
 -0.0346 -0.0478 -0.0547 -0.057  -0.058  -0.0587 -0.0584 -0.058  -0.0577
 -0.0573 -0.057  -0.0567 -0.0563]
Lx_res:  [ 0.0293  0.0293  0.0293  0.0293  0.0293  0.0293  0.0293  0.0293  0.0176
  0.0089  0.0023 -0.0033 -0.0084 -0.013  -0.0173 -0.0175 -0.0177 -0.0179
 -0.018  -0.018  -0.0181 -0.0181]
Ly_res:  [-0.0009 -0.0009 -0.0009 -0.0009 -0.0009 -0.0009 -0.0009 -0.0009  0.0178
  0.0314  0.0409  0.0471  0.0505  0.053   0.0553  0.0555  0.0557  0.0559
  0.056   0.0561  0.0561  0.0561]
Lz_res:  [-0.0009 -0.0009 -0.0009 -0.0009 -0.0009 -0.0009 -0.0009 -0.0009 -0.0009
 -0.008  -0.0129 -0.0157 -0.0164 -0.0146 -0.0125 -0.0105 -0.0105 -0.0105
 -0.0105 -0.0105 -0.0106 -0.0106]
Ldotx_res:  [-4.1446e-11  7.7145e-08  4.8765e-08  3.3601e-08  2.5099e-08  2.0877e-08
  1.9939e-08 -1.6387e-01 -1.2121e-01 -9.3259e-02 -7.7471e-02 -7.2460e-02
 -6.4230e-02 -5.9785e-02 -1.6764e-02 -1.3639e-02 -1.0476e-02 -7.2599e-03
 -3.9788e-03 -8.7866e-04 -5.5522e-05  1.3620e-16]
Ldoty_res:  [5.5932e-11 1.0315e-07 6.1117e-08 4.1544e-08 2.9587e-08 2.1761e-08
 1.7027e-08 2.6205e-01 1.9026e-01 1.3315e-01 8.6696e-02 4.6978e-02
 3.5034e-02 3.2610e-02 1.6842e-02 1.3703e-02 1.0525e-02 7.2940e-03
 3.9975e-03 8.8279e-04 5.5665e-05 1.0399e-16]
Ldotz_res:  [ 5.5932e-11 -1.1047e-03 -1.8008e-07 -1.0980e-07 -7.5199e-08 -5.4852e-08
 -4.2825e-08 -2.3906e-08 -9.8183e-02 -6.9044e-02 -3.9894e-02 -9.2249e-03
  2.5482e-02  2.9195e-02  1.3587e-01 -7.8533e-05 -6.3914e-05 -4.9096e-05
 -3.4030e-05 -1.8660e-05 -4.2852e-06 -6.4140e-01]
px_res:  [1.2392]
py_res:  [-0.1061]
pz_res:  [0.]
Ts_res:  [0.3 0.8 0.9]
FR1x_res:  [ 6.4644e+00  3.8978e-01  6.5388e-01  1.2370e+00  2.1218e+00  2.6647e+00
  2.5247e+00  0.0000e+00  0.0000e+00  0.0000e+00  0.0000e+00  0.0000e+00
  0.0000e+00  0.0000e+00  8.9949e-07 -1.1280e-05 -2.9848e-05  1.5631e-05
  4.9321e-04  5.2421e-03  7.3078e-02 -1.4007e-14]
FR1y_res:  [ 3.9795e+00 -6.0465e-01  2.2044e-01  9.5318e-01  1.1679e+00  1.3851e+00
  1.1211e+00  0.0000e+00  0.0000e+00  0.0000e+00  0.0000e+00  0.0000e+00
  0.0000e+00  0.0000e+00 -7.5502e-08 -1.9487e-06 -1.3649e-08 -4.8715e-06
  2.4453e-04  2.6345e-03 -7.4486e-02  8.6701e-15]
FR1z_res:  [1.0389e+02 3.6982e+01 4.7015e+01 5.8862e+01 7.0089e+01 7.9042e+01
 8.3479e+01 0.0000e+00 0.0000e+00 0.0000e+00 0.0000e+00 0.0000e+00
 0.0000e+00 0.0000e+00 5.6023e-04 6.8302e-04 8.9630e-04 1.2316e-03
 2.3312e-03 5.4155e-02 6.7136e-01 3.3333e+02]
Second Level Results:
x_res:  [0.8947 0.9041 0.9138 0.9236 0.9336 0.9438 0.9542 0.9648 0.9827 1.0011
 1.02   1.0393 1.0592 1.0795 1.1004 1.1131 1.126  1.1391 1.1524 1.1658
 1.1794 1.1932 1.2163 1.24   1.264  1.2885 1.3134 1.3387 1.3645 1.3802
 1.396  1.412  1.4281 1.4444 1.4608 1.4774 1.5052 1.5334 1.562  1.5909
 1.6203 1.65   1.68   1.6983 1.7167 1.7352 1.7538 1.7725 1.7914 1.8104
 1.8422 1.8744 1.9069 1.9397 1.9729 2.0063 2.0401 2.0605 2.081  2.1017
 2.1224 2.1433 2.1642 2.1853 2.2205 2.256  2.2918 2.3279 2.3642 2.4008
 2.4376 2.4598 2.4821 2.5046 2.527  2.5496 2.5723 2.595  2.633  2.6713
 2.7098 2.7484 2.7873 2.8264 2.8656 2.8893 2.913  2.9368 2.9607 2.9846
 3.0086 3.0327 3.0729 3.1132 3.1537 3.1944 3.2352 3.2761 3.3172 3.3419
 3.3667 3.3915 3.4164 3.4413 3.4663 3.4913 3.533  3.5748 3.6167 3.6588
 3.7009 3.7431 3.7854 3.8108 3.8362 3.8617 3.8872 3.9127 3.9382 3.9638
 4.0064 4.0491 4.0918 4.1346 4.1774 4.2202 4.2631 4.2888 4.3146 4.3403
 4.366  4.3918 4.4175 4.4433]
y_res:  [ 3.3501e-02  2.9819e-02  2.6283e-02  2.2929e-02  1.9783e-02  1.6863e-02
  1.4179e-02  1.1737e-02  8.0739e-03  5.0594e-03  2.6462e-03  7.7346e-04
 -6.2669e-04 -1.6240e-03 -2.2867e-03 -2.5219e-03 -2.6726e-03 -2.7512e-03
 -2.7688e-03 -2.7358e-03 -2.6617e-03 -2.5549e-03 -2.3351e-03 -2.0744e-03
 -1.7951e-03 -1.5143e-03 -1.2444e-03 -9.9393e-04 -7.6807e-04 -6.4891e-04
 -5.3986e-04 -4.4103e-04 -3.5231e-04 -2.7347e-04 -2.0416e-04 -1.4391e-04
 -5.7757e-05  7.4286e-06  5.4574e-05  8.6592e-05  1.0625e-04  1.1610e-04
  1.1840e-04  1.1643e-04  1.1283e-04  1.0796e-04  1.0212e-04  9.5572e-05
  8.8563e-05  8.1293e-05  6.9032e-05  5.7128e-05  4.5995e-05  3.5901e-05
  2.6992e-05  1.9323e-05  1.2876e-05  9.7006e-06  6.9229e-06  4.5204e-06
  2.4687e-06  7.4172e-07 -6.8717e-07 -1.8450e-06 -3.3676e-06 -4.3310e-06
 -4.8454e-06 -5.0101e-06 -4.9117e-06 -4.6235e-06 -4.2063e-06 -3.9077e-06
 -3.5894e-06 -3.2590e-06 -2.9231e-06 -2.5872e-06 -2.2558e-06 -1.9324e-06
 -1.4116e-06 -9.2933e-07 -4.8994e-07 -9.5535e-08  2.5311e-07  5.5547e-07
  8.1034e-07  9.3319e-07  1.0371e-06  1.1211e-06  1.1834e-06  1.2223e-06
  1.2355e-06  1.2203e-06  1.1423e-06  9.5913e-07  6.5015e-07  1.9231e-07
 -4.3917e-07 -1.2695e-06 -2.3229e-06 -3.1012e-06 -3.9710e-06 -4.9349e-06
 -5.9944e-06 -7.1489e-06 -8.3963e-06 -9.7316e-06 -1.2091e-05 -1.4614e-05
 -1.7207e-05 -1.9741e-05 -2.2040e-05 -2.3880e-05 -2.4975e-05 -2.4979e-05
 -2.4507e-05 -2.3468e-05 -2.1763e-05 -1.9283e-05 -1.5913e-05 -1.1533e-05
 -2.3350e-06  1.0642e-05  2.8021e-05  5.0399e-05  7.8298e-05  1.1211e-04
  1.5203e-04  1.7957e-04  2.0921e-04  2.4079e-04  2.7412e-04  3.0892e-04
  3.4479e-04  3.8126e-04]
z_res:  [0.7764 0.774  0.7716 0.7693 0.767  0.7648 0.7626 0.7604 0.7569 0.7535
 0.7502 0.7471 0.744  0.7411 0.7383 0.7366 0.735  0.7335 0.732  0.7305
 0.7291 0.7277 0.7254 0.7233 0.7212 0.7193 0.7174 0.7157 0.714  0.7131
 0.7122 0.7114 0.7105 0.7097 0.709  0.7083 0.7071 0.706  0.7051 0.7042
 0.7034 0.7027 0.7021 0.7017 0.7015 0.7012 0.701  0.7008 0.7006 0.7004
 0.7002 0.7001 0.7001 0.7001 0.7002 0.7004 0.7007 0.7009 0.7011 0.7013
 0.7016 0.7019 0.7022 0.7026 0.7032 0.7039 0.7046 0.7054 0.7063 0.7072
 0.7082 0.7088 0.7095 0.7102 0.7108 0.7116 0.7123 0.713  0.7143 0.7156
 0.717  0.7184 0.7199 0.7214 0.723  0.724  0.725  0.726  0.727  0.728
 0.729  0.7301 0.7319 0.7337 0.7356 0.7375 0.7394 0.7414 0.7434 0.7446
 0.7459 0.7471 0.7484 0.7496 0.7509 0.7522 0.7543 0.7565 0.7587 0.7609
 0.7632 0.7655 0.7677 0.7691 0.7705 0.7719 0.7733 0.7747 0.7761 0.7776
 0.7799 0.7823 0.7847 0.7871 0.7895 0.7919 0.7944 0.7958 0.7973 0.7988
 0.8002 0.8017 0.8031 0.8046]
xdot_res:  [0.2208 0.2251 0.2294 0.2338 0.238  0.2423 0.2465 0.2507 0.2577 0.2645
 0.2713 0.278  0.2847 0.2913 0.2978 0.3017 0.3056 0.3094 0.3132 0.317
 0.3208 0.3245 0.3307 0.3367 0.3428 0.3487 0.3546 0.3604 0.3661 0.3696
 0.373  0.3763 0.3797 0.383  0.3863 0.3896 0.3949 0.4003 0.4055 0.4107
 0.4158 0.4208 0.4258 0.4287 0.4316 0.4345 0.4374 0.4403 0.4431 0.4459
 0.4505 0.455  0.4595 0.4639 0.4682 0.4725 0.4767 0.4791 0.4816 0.484
 0.4864 0.4888 0.4912 0.4935 0.4974 0.5011 0.5048 0.5084 0.512  0.5154
 0.5188 0.5209 0.5228 0.5248 0.5268 0.5287 0.5306 0.5324 0.5355 0.5385
 0.5414 0.5442 0.547  0.5497 0.5523 0.5538 0.5554 0.5569 0.5583 0.5598
 0.5612 0.5626 0.5649 0.5671 0.5692 0.5713 0.5733 0.5752 0.577  0.5781
 0.5792 0.5802 0.5812 0.5822 0.5832 0.5841 0.5856 0.587  0.5883 0.5896
 0.5908 0.592  0.593  0.5937 0.5943 0.5948 0.5954 0.5959 0.5964 0.5968
 0.5975 0.5982 0.5988 0.5993 0.5997 0.6    0.6003 0.6005 0.6006 0.6007
 0.6008 0.6008 0.6009 0.6009]
ydot_res:  [-8.5932e-02 -8.2496e-02 -7.8253e-02 -7.3410e-02 -6.8148e-02 -6.2622e-02
 -5.6966e-02 -5.1289e-02 -4.2203e-02 -3.3785e-02 -2.6219e-02 -1.9602e-02
 -1.3963e-02 -9.2775e-03 -5.4876e-03 -3.5178e-03 -1.8325e-03 -4.1060e-04
  7.6962e-04  1.7299e-03  2.4918e-03  3.0763e-03  3.6507e-03  3.9104e-03
  3.9311e-03  3.7781e-03  3.5066e-03  3.1620e-03  2.7805e-03  2.5444e-03
  2.3062e-03  2.0700e-03  1.8395e-03  1.6174e-03  1.4057e-03  1.2062e-03
  9.1260e-04  6.6004e-04  4.4825e-04  2.7523e-04  1.3784e-04  3.2190e-05
 -4.5940e-05 -8.3843e-05 -1.1369e-04 -1.3636e-04 -1.5272e-04 -1.6356e-04
 -1.6963e-04 -1.7164e-04 -1.6666e-04 -1.5586e-04 -1.4132e-04 -1.2472e-04
 -1.0738e-04 -9.0260e-05 -7.4081e-05 -6.4812e-05 -5.6059e-05 -4.7874e-05
 -4.0295e-05 -3.3341e-05 -2.7016e-05 -2.1317e-05 -1.3487e-05 -7.2023e-06
 -2.3060e-06  1.3788e-06  4.0348e-06  5.8408e-06  6.9654e-06  7.4280e-06
  7.7092e-06  7.8372e-06  7.8376e-06  7.7336e-06  7.5454e-06  7.2908e-06
  6.7524e-06  6.1514e-06  5.5217e-06  4.8811e-06  4.2330e-06  3.5682e-06
  2.8665e-06  2.4258e-06  1.9580e-06  1.4551e-06  9.0808e-07  3.0775e-07
 -3.5555e-07 -1.0916e-06 -2.5646e-06 -4.3258e-06 -6.4099e-06 -8.8406e-06
 -1.1625e-05 -1.4747e-05 -1.8161e-05 -2.0295e-05 -2.2492e-05 -2.4720e-05
 -2.6940e-05 -2.9105e-05 -3.1158e-05 -3.3034e-05 -3.5313e-05 -3.6304e-05
 -3.5475e-05 -3.2197e-05 -2.5753e-05 -1.5338e-05 -8.2059e-08  1.1010e-05
  2.4239e-05  3.9796e-05  5.7867e-05  7.8622e-05  1.0221e-04  1.2877e-04
  1.8167e-04  2.4331e-04  3.1329e-04  3.9059e-04  4.7339e-04  5.5881e-04
  6.4279e-04  6.9145e-04  7.3698e-04  7.7773e-04  8.1181e-04  8.3706e-04
  8.5103e-04  8.5103e-04]
zdot_res:  [-0.0563 -0.0553 -0.0542 -0.0532 -0.0522 -0.0512 -0.0502 -0.0492 -0.0475
 -0.0459 -0.0443 -0.0427 -0.0411 -0.0395 -0.038  -0.037  -0.0361 -0.0352
 -0.0343 -0.0334 -0.0325 -0.0316 -0.0302 -0.0287 -0.0273 -0.0259 -0.0245
 -0.0231 -0.0217 -0.0209 -0.0201 -0.0193 -0.0185 -0.0177 -0.0169 -0.0161
 -0.0149 -0.0136 -0.0123 -0.0111 -0.0099 -0.0087 -0.0075 -0.0068 -0.0061
 -0.0054 -0.0047 -0.0041 -0.0034 -0.0027 -0.0016 -0.0005  0.0005  0.0016
  0.0026  0.0036  0.0046  0.0052  0.0058  0.0064  0.0069  0.0075  0.0081
  0.0086  0.0095  0.0104  0.0113  0.0122  0.013   0.0138  0.0146  0.0151
  0.0156  0.0161  0.0165  0.017   0.0174  0.0179  0.0186  0.0193  0.02
  0.0207  0.0213  0.022   0.0226  0.023   0.0233  0.0237  0.024   0.0244
  0.0247  0.0251  0.0256  0.0261  0.0266  0.0271  0.0276  0.028   0.0285
  0.0287  0.029   0.0292  0.0295  0.0297  0.0299  0.0302  0.0305  0.0309
  0.0312  0.0315  0.0318  0.032   0.0323  0.0324  0.0326  0.0327  0.0328
  0.033   0.0331  0.0332  0.0334  0.0335  0.0337  0.0338  0.0339  0.034
  0.034   0.0341  0.0341  0.0341  0.0341  0.0342  0.0342  0.0342]
px_res:  [1.5554 1.8785 2.1946 2.5177 2.8339 3.157  3.4731 3.7962 4.0778]
py_res:  [ 0.1009 -0.1037  0.0996 -0.105   0.0965 -0.1082  0.0923 -0.1123  0.199 ]
pz_res:  [0. 0. 0. 0. 0. 0. 0. 0. 0.]
Ts_res:  [0.1506 0.5128 0.6726 1.0307 1.1876 1.5434 1.6985 2.0529 2.2067 2.56
 2.7128 3.0652 3.2172 3.5688 3.7201 4.0711 4.2219 4.5723 4.7226]
The  2 Round:
[[10.  -0.5 -0.5 10. ]
 [ 0.5  0.5 -0.5 -0.5]
 [ 0.   0.   0.   0. ]]
[[10.  -0.5 -0.5 10. ]
 [ 0.5  0.5 -0.5 -0.5]
 [ 0.   0.   0.   0. ]]
[[10.  -0.5 -0.5 10. ]
 [ 0.5  0.5 -0.5 -0.5]
 [ 0.   0.   0.   0. ]]
[[10.  -0.5 -0.5 10. ]
 [ 0.5  0.5 -0.5 -0.5]
 [ 0.   0.   0.   0. ]]
[[10.  -0.5 -0.5 10. ]
 [ 0.5  0.5 -0.5 -0.5]
 [ 0.   0.   0.   0. ]]
[[10.  -0.5 -0.5 10. ]
 [ 0.5  0.5 -0.5 -0.5]
 [ 0.   0.   0.   0. ]]
[[10.  -0.5 -0.5 10. ]
 [ 0.5  0.5 -0.5 -0.5]
 [ 0.   0.   0.   0. ]]
[[10.  -0.5 -0.5 10. ]
 [ 0.5  0.5 -0.5 -0.5]
 [ 0.   0.   0.   0. ]]
[[10.  -0.5 -0.5 10. ]
 [ 0.5  0.5 -0.5 -0.5]
 [ 0.   0.   0.   0. ]]
[[10.  -0.5 -0.5 10. ]
 [ 0.5  0.5 -0.5 -0.5]
 [ 0.   0.   0.   0. ]]

=======================================
           Academic License
       (NOT FOR COMMERCIAL USE)
         Artelys Knitro 10.3.0
=======================================

Knitro presolve eliminated 295 variables and 17356 constraints.

Knitro changing algorithm from AUTO to 1.
Knitro changing bar_initpt from AUTO to 3.
Knitro changing bar_murule from AUTO to 4.
Knitro changing bar_penaltycons from AUTO to 1.
Knitro changing bar_penaltyrule from AUTO to 2.
Knitro changing bar_switchrule from AUTO to 2.
Knitro changing linesearch from AUTO to 1.
Knitro changing linsolver from AUTO to 5.
Knitro shifted start point to satisfy presolved bounds (28 variables).
Knitro fixing 295 variables eliminated from the presolve.

Problem Characteristics                    ( Presolved)
-----------------------
Objective goal:  Minimize
Number of variables:                        2455 (      2160)
    bounded below only:                        0 (         0)
    bounded above only:                        0 (         0)
    bounded below and above:                2455 (      2160)
    fixed:                                     0 (         0)
    free:                                      0 (         0)
Number of constraints:                     35004 (     17668)
    linear equalities:                      1405 (       807)
    nonlinear equalities:                    294 (       294)
    linear one-sided inequalities:         33283 (     16567)
    nonlinear one-sided inequalities:          0 (         0)
    linear two-sided inequalities:            22 (         0)
    nonlinear two-sided inequalities:          0 (         0)
Number of nonzeros in Jacobian:           185066 (     81758)
Number of nonzeros in Hessian:              6169 (      4735)

  Iter      Objective      FeasError   OptError    ||Step||    CGits 
--------  --------------  ----------  ----------  ----------  -------
       0    3.489566e+02   5.187e+01
      10    3.459411e+02   1.318e+01   2.701e+01   9.238e+01        0
      20    2.945928e+02   2.407e-01   1.611e+01   4.906e+02        0
      30    2.805716e+02   2.350e-01   1.643e+00   3.768e+01        0
      40    2.789096e+02   4.976e-02   2.884e-01   3.313e+00        0
      50    2.787887e+02   1.740e-03   4.087e-01   1.372e+02        0
      60    2.787373e+02   6.092e-04   6.458e-03   2.301e-01        0
      70    2.787319e+02   9.117e-04   3.003e-03   3.571e+00        0
      80    2.787309e+02   3.667e-03   4.054e-03   5.006e+00        0
      90    2.787294e+02   3.061e-03   4.116e-04   6.126e+00        0
     100    2.787279e+02   1.141e-03   1.969e-02   1.324e+01        0
     106    2.787277e+02   1.080e-08   5.183e-07   2.024e+00        0

EXIT: Locally optimal solution found.

Final Statistics
----------------
Final objective value               =   2.78727718153101e+02
Final feasibility error (abs / rel) =   1.08e-08 / 2.08e-10
Final optimality error  (abs / rel) =   5.18e-07 / 5.81e-09
# of iterations                     =        106 
# of CG iterations                  =        135 
# of function evaluations           =        108
# of gradient evaluations           =        108
# of Hessian evaluations            =        106
Total program time (secs)           =       6.69695 (     6.615 CPU time)
Time spent in evaluations (secs)    =       0.33662

===============================================================================

      solver  :   t_proc      (avg)   t_wall      (avg)    n_eval
      nlp_fg  | 143.30ms (  1.31ms) 144.09ms (  1.32ms)       109
   nlp_gf_jg  | 172.57ms (  1.60ms) 173.11ms (  1.60ms)       108
    nlp_grad  |   5.27ms (  5.27ms)   5.28ms (  5.28ms)         1
  nlp_hess_l  |  17.90ms (168.87us)  17.85ms (168.39us)       106
       total  |   6.83 s (  6.83 s)   6.90 s (  6.90 s)         1
Round  2 True
Full Cost Value:  1.4520627970454316
Acceleration:  1.4276004048971962
Momentum:  0.02446239214823589
Total Program Time:  6.8348
First Level NLP Results:
x_res:  [0.8947 0.9041 0.9152 0.9281 0.943  0.9599 0.9789 0.9996 1.0369 1.0668
 1.0906 1.1095 1.1246 1.1368 1.147  1.1489 1.1507 1.1526 1.1545 1.1563
 1.1582 1.1601]
y_res:  [ 0.0335  0.0298  0.0246  0.0181  0.0108  0.0025 -0.0065 -0.0161 -0.032
 -0.0435 -0.0512 -0.0556 -0.0573 -0.0563 -0.0528 -0.0517 -0.0505 -0.0493
 -0.0481 -0.0468 -0.0455 -0.0442]
z_res:  [0.7764 0.774  0.7715 0.7693 0.7673 0.7656 0.7644 0.7637 0.7631 0.7579
 0.7496 0.7394 0.7279 0.7158 0.7033 0.7009 0.6984 0.6959 0.6935 0.691
 0.6886 0.6862]
xdot_res:  [0.2208 0.2576 0.3031 0.3475 0.3937 0.4421 0.4848 0.5221 0.4183 0.3329
 0.2646 0.2115 0.1714 0.1426 0.1295 0.1299 0.1303 0.1307 0.1312 0.1316
 0.1321 0.1341]
ydot_res:  [-0.0859 -0.1222 -0.1504 -0.172  -0.192  -0.2118 -0.2224 -0.2235 -0.1602
 -0.1075 -0.0626 -0.0231  0.0134  0.0491  0.0798  0.0822  0.0846  0.0868
  0.0887  0.0903  0.0917  0.0922]
zdot_res:  [-0.0563 -0.0565 -0.0528 -0.0474 -0.0389 -0.0272 -0.0169 -0.0081 -0.0734
 -0.116  -0.1432 -0.16   -0.1697 -0.1745 -0.1741 -0.1731 -0.1721 -0.1712
 -0.1702 -0.1692 -0.1682 -0.1668]
Lx_res:  [-0.0181 -0.0181 -0.0308 -0.0412 -0.0511 -0.0611 -0.0686 -0.0736 -0.0663
 -0.0612 -0.0574 -0.0542 -0.0511 -0.0471 -0.043  -0.0423 -0.0415 -0.0408
 -0.04   -0.0393 -0.0385 -0.0385]
Ly_res:  [0.0561 0.0561 0.0814 0.1021 0.1174 0.1275 0.135  0.14   0.1717 0.1961
 0.2148 0.2289 0.2397 0.2478 0.2526 0.2544 0.2561 0.2578 0.2595 0.2611
 0.2627 0.2627]
Lz_res:  [ 0.0561  0.0561  0.0382  0.0256  0.0154  0.0099  0.0099  0.0099  0.0098
 -0.0291 -0.0587 -0.0812 -0.0985 -0.1124 -0.1244 -0.1331 -0.1358 -0.1383
 -0.1408 -0.1432 -0.1456 -0.1479]
Ldotx_res:  [ 1.3620e-16 -2.9804e-01 -2.4266e-01 -2.3074e-01 -2.3370e-01 -1.7466e-01
 -1.1562e-01  1.0142e-01  7.1775e-02  5.3118e-02  4.4205e-02  4.4664e-02
  5.5111e-02  5.7957e-02  4.5099e-02  5.5293e-02  5.4157e-02  5.3063e-02
  5.2006e-02  5.0984e-02 -1.2494e-08 -1.7305e-15]
Ldoty_res:  [1.0399e-16 5.9144e-01 4.8153e-01 3.5790e-01 2.3480e-01 1.7548e-01
 1.1616e-01 4.4437e-01 3.4202e-01 2.6115e-01 1.9828e-01 1.5010e-01
 1.1358e-01 6.8158e-02 1.2150e-01 1.2110e-01 1.1861e-01 1.1621e-01
 1.1390e-01 1.1166e-01 2.7452e-07 1.7296e-15]
Ldotz_res:  [ 1.0399e-16 -4.1680e-01 -2.9340e-01 -2.3888e-01 -1.2716e-01 -1.0944e-03
 -8.1792e-04 -3.2486e-04 -5.4579e-01 -4.1380e-01 -3.1426e-01 -2.4248e-01
 -1.9476e-01 -1.6869e-01 -6.0683e-01 -1.9034e-01 -1.7639e-01 -1.7277e-01
 -1.6928e-01 -1.6591e-01 -1.6264e-01 -5.2142e-01]
px_res:  [1.5554]
py_res:  [0.1045]
pz_res:  [0.]
Ts_res:  [0.3 0.8 0.9]
FR1x_res:  [-3.3697e-14  3.6691e-14  4.3319e-14  6.3702e-14  1.1642e-13  1.4466e-13
  6.8624e-15  5.5251e-01 -4.2674e+00 -4.5569e+00 -4.2681e+00 -3.8784e+00
 -2.6191e+00  3.1656e+00 -1.3230e+01 -3.5493e-01 -5.3636e-01 -2.0145e-01
 -1.3604e-01 -7.2421e-02  3.3550e+00 -9.3092e-10]
FR1y_res:  [-2.1201e-13  6.2506e-14  2.9675e-14  7.5628e-14  1.5259e-13  2.1651e-13
  3.2156e-13 -7.8427e+00  6.1138e+00  6.5019e+00  6.1636e+00  5.4922e+00
  5.1510e+00 -3.2899e+00  2.2080e+01 -5.0380e+00 -3.8168e-02  1.6703e-01
  1.0207e-01  7.3828e-02 -7.9915e+00  3.3153e-10]
FR1z_res:  [8.1288e-07 1.0906e-06 1.3397e-06 1.7001e-06 2.2703e-06 3.0378e-06
 4.5892e-06 4.4792e+01 7.5007e+01 9.5424e+01 1.0925e+02 1.1871e+02
 1.2528e+02 1.3221e+02 7.3599e+01 6.4957e+01 5.2462e+01 3.9877e+01
 2.7214e+01 1.4484e+01 4.3818e+01 3.3333e+02]
Second Level Results:
x_res:  [1.1601 1.1659 1.1719 1.1781 1.1846 1.1914 1.1984 1.2057 1.2182 1.2314
 1.2452 1.2598 1.275  1.2908 1.3073 1.3175 1.328  1.3388 1.3497 1.3609
 1.3723 1.3839 1.4036 1.4239 1.4448 1.4663 1.4884 1.511  1.5342 1.5485
 1.5629 1.5776 1.5924 1.6074 1.6227 1.6381 1.6641 1.6907 1.7177 1.7453
 1.7733 1.8019 1.8309 1.8486 1.8665 1.8846 1.9028 1.9211 1.9397 1.9584
 1.9898 2.0217 2.054  2.0868 2.12   2.1536 2.1876 2.2082 2.229  2.2499
 2.271  2.2922 2.3135 2.335  2.371  2.4074 2.4442 2.4813 2.5187 2.5565
 2.5946 2.6177 2.6409 2.6642 2.6876 2.7111 2.7348 2.7585 2.7983 2.8384
 2.8787 2.9193 2.9602 3.0014 3.0428 3.0678 3.0929 3.118  3.1433 3.1687
 3.1941 3.2196 3.2623 3.3051 3.3482 3.3915 3.435  3.4787 3.5226 3.549
 3.5755 3.602  3.6287 3.6553 3.682  3.7088 3.7536 3.7984 3.8434 3.8886
 3.9338 3.9792 4.0247 4.052  4.0794 4.1068 4.1343 4.1618 4.1893 4.2168
 4.2628 4.3088 4.3549 4.401  4.4472 4.4934 4.5397 4.5674 4.5952 4.623
 4.6508 4.6786 4.7064 4.7342]
y_res:  [-4.4187e-02 -4.0237e-02 -3.6305e-02 -3.2455e-02 -2.8738e-02 -2.5197e-02
 -2.1860e-02 -1.8752e-02 -1.3976e-02 -9.8976e-03 -6.5010e-03 -3.7457e-03
 -1.5739e-03  8.1624e-05  1.2925e-03  1.7949e-03  2.1779e-03  2.4558e-03
  2.6422e-03  2.7500e-03  2.7909e-03  2.7760e-03  2.6748e-03  2.4857e-03
  2.2408e-03  1.9660e-03  1.6813e-03  1.4014e-03  1.1368e-03  9.9128e-04
  8.5485e-04  7.2822e-04  6.1186e-04  5.0600e-04  4.1063e-04  3.2561e-04
  2.0064e-04  1.0137e-04  2.5037e-05 -3.1358e-05 -7.0889e-05 -9.6546e-05
 -1.1113e-04 -1.1478e-04 -1.1583e-04 -1.1473e-04 -1.1187e-04 -1.0761e-04
 -1.0226e-04 -9.6116e-05 -8.4955e-05 -7.3168e-05 -6.1434e-05 -5.0243e-05
 -3.9926e-05 -3.0682e-05 -2.2607e-05 -1.8473e-05 -1.4761e-05 -1.1460e-05
 -8.5560e-06 -6.0288e-06 -3.8563e-06 -2.0144e-06  5.4719e-07  2.3851e-06
  3.6214e-06  4.3718e-06  4.7428e-06  4.8295e-06  4.7144e-06  4.5664e-06
  4.3846e-06  4.1810e-06  3.9660e-06  3.7490e-06  3.5375e-06  3.3382e-06
  3.0352e-06  2.7966e-06  2.6306e-06  2.5380e-06  2.5127e-06  2.5420e-06
  2.6068e-06  2.6514e-06  2.6930e-06  2.7243e-06  2.7369e-06  2.7218e-06
  2.6688e-06  2.5668e-06  2.2956e-06  1.7934e-06  9.9260e-07 -1.7945e-07
 -1.7978e-06 -3.9372e-06 -6.6674e-06 -8.6959e-06 -1.0969e-05 -1.3495e-05
 -1.6278e-05 -1.9317e-05 -2.2605e-05 -2.6131e-05 -3.2371e-05 -3.9052e-05
 -4.5930e-05 -5.2657e-05 -5.8766e-05 -6.3654e-05 -6.6563e-05 -6.6568e-05
 -6.5307e-05 -6.2535e-05 -5.7987e-05 -5.1375e-05 -4.2392e-05 -3.0713e-05
 -6.1937e-06  2.8400e-05  7.4730e-05  1.3439e-04  2.0877e-04  2.9891e-04
  4.0532e-04  4.7877e-04  5.5777e-04  6.4198e-04  7.3084e-04  8.2359e-04
  9.1923e-04  1.0165e-03]
z_res:  [0.6862 0.6791 0.6721 0.6653 0.6587 0.6522 0.646  0.6398 0.6299 0.6205
 0.6114 0.6029 0.5947 0.5869 0.5796 0.5754 0.5714 0.5675 0.5638 0.5602
 0.5567 0.5533 0.5479 0.5429 0.5382 0.5339 0.5298 0.5261 0.5227 0.5208
 0.5191 0.5174 0.5158 0.5144 0.513  0.5117 0.5097 0.508  0.5065 0.5052
 0.5042 0.5033 0.5027 0.5024 0.5022 0.5021 0.502  0.502  0.5021 0.5023
 0.5026 0.5031 0.5038 0.5046 0.5057 0.5069 0.5082 0.5091 0.5101 0.5111
 0.5122 0.5133 0.5145 0.5158 0.518  0.5203 0.5227 0.5253 0.5281 0.531
 0.534  0.5359 0.5378 0.5398 0.5418 0.5439 0.546  0.5482 0.5518 0.5556
 0.5595 0.5636 0.5677 0.5719 0.5763 0.5789 0.5816 0.5844 0.5871 0.5899
 0.5928 0.5956 0.6005 0.6054 0.6104 0.6155 0.6207 0.6259 0.6313 0.6345
 0.6378 0.641  0.6443 0.6477 0.651  0.6544 0.6601 0.6658 0.6716 0.6774
 0.6833 0.6892 0.6952 0.6988 0.7024 0.7061 0.7097 0.7134 0.7171 0.7207
 0.7269 0.7331 0.7393 0.7455 0.7518 0.7581 0.7643 0.7681 0.7719 0.7757
 0.7795 0.7833 0.787  0.7908]
xdot_res:  [0.1341 0.1401 0.1461 0.152  0.1578 0.1637 0.1694 0.1752 0.1847 0.1941
 0.2034 0.2126 0.2217 0.2307 0.2396 0.2449 0.2502 0.2554 0.2606 0.2658
 0.2709 0.276  0.2844 0.2927 0.3009 0.3089 0.3169 0.3248 0.3326 0.3372
 0.3418 0.3464 0.3509 0.3554 0.3599 0.3643 0.3716 0.3788 0.3858 0.3928
 0.3997 0.4065 0.4131 0.4171 0.4211 0.425  0.4288 0.4327 0.4365 0.4402
 0.4464 0.4525 0.4585 0.4644 0.4703 0.476  0.4816 0.485  0.4883 0.4915
 0.4948 0.498  0.5012 0.5043 0.5095 0.5145 0.5195 0.5243 0.5291 0.5338
 0.5383 0.5411 0.5437 0.5464 0.549  0.5516 0.5541 0.5567 0.5607 0.5647
 0.5687 0.5725 0.5762 0.5798 0.5834 0.5854 0.5875 0.5895 0.5915 0.5935
 0.5954 0.5973 0.6003 0.6033 0.6061 0.6089 0.6116 0.6141 0.6166 0.6181
 0.6195 0.6209 0.6223 0.6236 0.6249 0.6261 0.6281 0.63   0.6319 0.6336
 0.6352 0.6367 0.6382 0.639  0.6398 0.6406 0.6413 0.642  0.6427 0.6433
 0.6442 0.6451 0.6459 0.6465 0.6471 0.6476 0.648  0.6482 0.6484 0.6485
 0.6486 0.6487 0.6487 0.6487]
ydot_res:  [ 9.2169e-02  9.1748e-02  8.9835e-02  8.6715e-02  8.2645e-02  7.7851e-02
  7.2531e-02  6.6857e-02  5.7099e-02  4.7552e-02  3.8575e-02  3.0404e-02
  2.3178e-02  1.6952e-02  1.1724e-02  8.9367e-03  6.4842e-03  4.3494e-03
  2.5132e-03  9.5465e-04 -3.4784e-04 -1.4162e-03 -2.6479e-03 -3.4279e-03
 -3.8470e-03 -3.9867e-03 -3.9187e-03 -3.7043e-03 -3.3946e-03 -3.1834e-03
 -2.9546e-03 -2.7150e-03 -2.4703e-03 -2.2252e-03 -1.9839e-03 -1.7495e-03
 -1.3899e-03 -1.0686e-03 -7.8953e-04 -5.5343e-04 -3.5919e-04 -2.0424e-04
 -8.5054e-05 -2.4599e-05  2.5703e-05  6.6762e-05  9.9483e-05  1.2475e-04
  1.4340e-04  1.5624e-04  1.6503e-04  1.6428e-04  1.5667e-04  1.4444e-04
  1.2941e-04  1.1305e-04  9.6467e-05  8.6616e-05  7.7010e-05  6.7763e-05
  5.8968e-05  5.0690e-05  4.2979e-05  3.5862e-05  2.5731e-05  1.7308e-05
  1.0506e-05  5.1944e-06  1.2130e-06 -1.6109e-06 -3.4533e-06 -4.2426e-06
 -4.7515e-06 -5.0147e-06 -5.0651e-06 -4.9338e-06 -4.6504e-06 -4.2427e-06
 -3.3397e-06 -2.3237e-06 -1.2967e-06 -3.5446e-07  4.1044e-07  9.0646e-07
  1.0410e-06  9.7104e-07  7.2955e-07  2.9534e-07 -3.5305e-07 -1.2372e-06
 -2.3784e-06 -3.7979e-06 -7.0298e-06 -1.1212e-05 -1.6409e-05 -2.2657e-05
 -2.9951e-05 -3.8223e-05 -4.7332e-05 -5.3046e-05 -5.8940e-05 -6.4927e-05
 -7.0902e-05 -7.6736e-05 -8.2277e-05 -8.7348e-05 -9.3539e-05 -9.6291e-05
 -9.4180e-05 -8.5533e-05 -6.8430e-05 -4.0730e-05 -1.1281e-07  2.9431e-05
  6.4674e-05  1.0613e-04  1.5429e-04  2.0961e-04  2.7249e-04  3.4327e-04
  4.8431e-04  6.4863e-04  8.3520e-04  1.0413e-03  1.2620e-03  1.4898e-03
  1.7137e-03  1.8434e-03  1.9648e-03  2.0735e-03  2.1643e-03  2.2316e-03
  2.2689e-03  2.2689e-03]
zdot_res:  [-1.6683e-01 -1.6269e-01 -1.5859e-01 -1.5454e-01 -1.5053e-01 -1.4657e-01
 -1.4266e-01 -1.3879e-01 -1.3247e-01 -1.2628e-01 -1.2022e-01 -1.1428e-01
 -1.0847e-01 -1.0280e-01 -9.7245e-02 -9.3961e-02 -9.0722e-02 -8.7530e-02
 -8.4384e-02 -8.1284e-02 -7.8230e-02 -7.5222e-02 -7.0337e-02 -6.5580e-02
 -6.0951e-02 -5.6450e-02 -5.2077e-02 -4.7832e-02 -4.3715e-02 -4.1291e-02
 -3.8913e-02 -3.6581e-02 -3.4296e-02 -3.2056e-02 -2.9862e-02 -2.7715e-02
 -2.4264e-02 -2.0940e-02 -1.7745e-02 -1.4678e-02 -1.1739e-02 -8.9279e-03
 -6.2448e-03 -4.6485e-03 -3.0657e-03 -1.4965e-03  5.9255e-05  1.6014e-03
  3.1301e-03  4.6453e-03  7.1329e-03  9.5830e-03  1.1995e-02  1.4370e-02
  1.6708e-02  1.9007e-02  2.1270e-02  2.2613e-02  2.3944e-02  2.5260e-02
  2.6564e-02  2.7853e-02  2.9129e-02  3.0392e-02  3.2459e-02  3.4488e-02
  3.6480e-02  3.8434e-02  4.0350e-02  4.2229e-02  4.4070e-02  4.5162e-02
  4.6239e-02  4.7304e-02  4.8354e-02  4.9391e-02  5.0415e-02  5.1425e-02
  5.3071e-02  5.4679e-02  5.6250e-02  5.7783e-02  5.9279e-02  6.0737e-02
  6.2157e-02  6.2996e-02  6.3821e-02  6.4633e-02  6.5431e-02  6.6216e-02
  6.6987e-02  6.7744e-02  6.8969e-02  7.0157e-02  7.1307e-02  7.2419e-02
  7.3494e-02  7.4531e-02  7.5530e-02  7.6117e-02  7.6689e-02  7.7249e-02
  7.7794e-02  7.8326e-02  7.8845e-02  7.9350e-02  8.0154e-02  8.0921e-02
  8.1650e-02  8.2341e-02  8.2995e-02  8.3611e-02  8.4190e-02  8.4524e-02
  8.4844e-02  8.5150e-02  8.5444e-02  8.5723e-02  8.5989e-02  8.6242e-02
  8.6625e-02  8.6971e-02  8.7279e-02  8.7549e-02  8.7782e-02  8.7978e-02
  8.8136e-02  8.8217e-02  8.8284e-02  8.8339e-02  8.8379e-02  8.8406e-02
  8.8420e-02  8.8420e-02]
px_res:  [1.8785 2.1946 2.5177 2.8338 3.1569 3.473  3.7962 4.1123 4.3515]
py_res:  [-0.1001  0.0984 -0.1062  0.0923 -0.1124  0.0861 -0.1185  0.08   -0.1792]
pz_res:  [0. 0. 0. 0. 0. 0. 0. 0. 0.]
Ts_res:  [0.1506 0.5128 0.6726 1.0307 1.1876 1.5434 1.6985 2.0529 2.2067 2.56
 2.7128 3.0652 3.2172 3.5688 3.7201 4.0711 4.2219 4.5723 4.7226]
The  3 Round:
[[10.  -0.5 -0.5 10. ]
 [ 0.5  0.5 -0.5 -0.5]
 [ 0.   0.   0.   0. ]]
[[10.  -0.5 -0.5 10. ]
 [ 0.5  0.5 -0.5 -0.5]
 [ 0.   0.   0.   0. ]]
[[10.  -0.5 -0.5 10. ]
 [ 0.5  0.5 -0.5 -0.5]
 [ 0.   0.   0.   0. ]]
[[10.  -0.5 -0.5 10. ]
 [ 0.5  0.5 -0.5 -0.5]
 [ 0.   0.   0.   0. ]]
[[10.  -0.5 -0.5 10. ]
 [ 0.5  0.5 -0.5 -0.5]
 [ 0.   0.   0.   0. ]]
[[10.  -0.5 -0.5 10. ]
 [ 0.5  0.5 -0.5 -0.5]
 [ 0.   0.   0.   0. ]]
[[10.  -0.5 -0.5 10. ]
 [ 0.5  0.5 -0.5 -0.5]
 [ 0.   0.   0.   0. ]]
[[10.  -0.5 -0.5 10. ]
 [ 0.5  0.5 -0.5 -0.5]
 [ 0.   0.   0.   0. ]]
[[10.  -0.5 -0.5 10. ]
 [ 0.5  0.5 -0.5 -0.5]
 [ 0.   0.   0.   0. ]]
[[10.  -0.5 -0.5 10. ]
 [ 0.5  0.5 -0.5 -0.5]
 [ 0.   0.   0.   0. ]]

=======================================
           Academic License
       (NOT FOR COMMERCIAL USE)
         Artelys Knitro 10.3.0
=======================================

Knitro presolve eliminated 295 variables and 17345 constraints.

Knitro changing algorithm from AUTO to 1.
Knitro changing bar_initpt from AUTO to 3.
Knitro changing bar_murule from AUTO to 4.
Knitro changing bar_penaltycons from AUTO to 1.
Knitro changing bar_penaltyrule from AUTO to 2.
Knitro changing bar_switchrule from AUTO to 2.
Knitro changing linesearch from AUTO to 1.
Knitro changing linsolver from AUTO to 5.
Knitro shifted start point to satisfy presolved bounds (32 variables).
Knitro fixing 295 variables eliminated from the presolve.

Problem Characteristics                    ( Presolved)
-----------------------
Objective goal:  Minimize
Number of variables:                        2455 (      2160)
    bounded below only:                        0 (         0)
    bounded above only:                        0 (         0)
    bounded below and above:                2455 (      2160)
    fixed:                                     0 (         0)
    free:                                      0 (         0)
Number of constraints:                     35004 (     17679)
    linear equalities:                      1405 (       807)
    nonlinear equalities:                    294 (       294)
    linear one-sided inequalities:         33283 (     16578)
    nonlinear one-sided inequalities:          0 (         0)
    linear two-sided inequalities:            22 (         0)
    nonlinear two-sided inequalities:          0 (         0)
Number of nonzeros in Jacobian:           185066 (     82117)
Number of nonzeros in Hessian:              6169 (      4735)

  Iter      Objective      FeasError   OptError    ||Step||    CGits 
--------  --------------  ----------  ----------  ----------  -------
       0    3.095575e+02   5.206e+01
      10    6.028485e+02   7.535e+00   1.669e+02   7.738e+01        0
      20    7.547091e+02   2.341e+00   7.621e+01   2.902e+01        0
      30    6.370146e+02   5.124e-01   4.418e+02   2.365e+01        0
      40    2.648771e+02   2.986e-01   3.550e+00   3.396e+01        0
      50    2.486409e+02   4.463e-03   1.620e-01   3.656e+01        0
      60    2.480648e+02   5.792e-06   1.374e-03   3.661e+01        0
      61    2.480645e+02   3.066e-07   1.758e-05   4.107e+01        0

EXIT: Locally optimal solution found.

Final Statistics
----------------
Final objective value               =   2.48064488394165e+02
Final feasibility error (abs / rel) =   3.07e-07 / 5.89e-09
Final optimality error  (abs / rel) =   1.76e-05 / 1.99e-07
# of iterations                     =         61 
# of CG iterations                  =         20 
# of function evaluations           =         63
# of gradient evaluations           =         63
# of Hessian evaluations            =         61
Total program time (secs)           =       2.84453 (     2.837 CPU time)
Time spent in evaluations (secs)    =       0.16200

===============================================================================

      solver  :   t_proc      (avg)   t_wall      (avg)    n_eval
      nlp_fg  |  68.45ms (  1.07ms)  68.39ms (  1.07ms)        64
   nlp_gf_jg  |  84.16ms (  1.34ms)  84.14ms (  1.34ms)        63
    nlp_grad  |   2.52ms (  2.52ms)   2.53ms (  2.53ms)         1
  nlp_hess_l  |   9.76ms (160.07us)   9.70ms (158.97us)        61
       total  |   3.01 s (  3.01 s)   3.04 s (  3.04 s)         1
Round  3 True
Full Cost Value:  4.193754157579256
Acceleration:  3.6731708137606653
Momentum:  0.5205833438185911
Total Program Time:  3.0072
First Level NLP Results:
x_res:  [1.1601 1.1659 1.1721 1.1814 1.1939 1.2098 1.2288 1.2509 1.2925 1.3239
 1.3471 1.3624 1.3705 1.3718 1.3664 1.3653 1.3642 1.3631 1.3621 1.3611
 1.3601 1.3592]
y_res:  [-0.0442 -0.0402 -0.0356 -0.0296 -0.0225 -0.0142 -0.0043  0.007   0.0293
  0.0447  0.0547  0.0604  0.0626  0.0616  0.0576  0.0568  0.0559  0.0551
  0.0542  0.0534  0.0525  0.0516]
z_res:  [0.6862 0.6791 0.6734 0.669  0.6658 0.6639 0.6634 0.6647 0.6696 0.6675
 0.6589 0.6462 0.6309 0.6138 0.5951 0.5931 0.5911 0.5892 0.5872 0.5854
 0.5835 0.5816]
xdot_res:  [ 0.1341  0.1452  0.217   0.2932  0.3697  0.4433  0.5156  0.5821  0.4402
  0.3244  0.2151  0.1132  0.0172 -0.0756 -0.1542 -0.1507 -0.1471 -0.1438
 -0.1405 -0.1373 -0.1341 -0.1304]
ydot_res:  [ 0.0922  0.1093  0.1392  0.1656  0.1942  0.2307  0.2639  0.3116  0.2155
  0.1403  0.0803  0.0303 -0.0138 -0.056  -0.117  -0.1178 -0.1189 -0.1199
 -0.1209 -0.1218 -0.1226 -0.124 ]
zdot_res:  [-0.1668 -0.1323 -0.1021 -0.0751 -0.0451 -0.0103  0.0291  0.0691 -0.0299
 -0.1197 -0.1777 -0.2145 -0.24   -0.2619 -0.2796 -0.2754 -0.2715 -0.2681
 -0.2649 -0.2617 -0.2585 -0.2548]
Lx_res:  [-0.0385 -0.0385 -0.0556 -0.0685 -0.0766 -0.0785 -0.0785 -0.0697 -0.0999
 -0.12   -0.1334 -0.1436 -0.1522 -0.1606 -0.175  -0.1778 -0.1812 -0.1839
 -0.1866 -0.1894 -0.1921 -0.1963]
Ly_res:  [0.2627 0.2627 0.3977 0.5159 0.6163 0.6993 0.7659 0.8191 0.9075 0.9748
 1.0293 1.0743 1.1129 1.1484 1.1806 1.1858 1.1904 1.1958 1.2012 1.2067
 1.2121 1.2163]
Lz_res:  [ 0.2627  0.2627  0.2048  0.1284  0.0384 -0.054  -0.135  -0.2016 -0.2498
 -0.3152 -0.3691 -0.4102 -0.445  -0.475  -0.5021 -0.5124 -0.5191 -0.5235
 -0.5262 -0.5289 -0.5316 -0.5343]
Ldotx_res:  [-1.7305e-15 -3.9814e-01 -3.0171e-01 -1.8746e-01 -4.5830e-02  5.3443e-06
  2.0601e-01 -4.2210e-01 -2.8152e-01 -1.8784e-01 -1.4300e-01 -1.1978e-01
 -1.1773e-01 -2.0245e-01 -3.8502e-01 -4.7349e-01 -3.7971e-01 -3.8279e-01
 -3.8561e-01 -3.8835e-01 -5.8184e-01  1.3620e-16]
Ldoty_res:  [1.7296e-15 3.1511e+00 2.7570e+00 2.3435e+00 1.9358e+00 1.5535e+00
 1.2423e+00 1.2381e+00 9.4170e-01 7.6321e-01 6.2954e-01 5.4037e-01
 4.9656e-01 4.5074e-01 7.3277e-01 6.4376e-01 7.5393e-01 7.5935e-01
 7.6465e-01 7.6868e-01 5.8623e-01 1.0399e-16]
Ldotz_res:  [ 1.7296e-15 -1.3518e+00 -1.7806e+00 -2.1018e+00 -2.1560e+00 -1.8900e+00
 -1.5535e+00 -6.7475e-01 -9.1535e-01 -7.5504e-01 -5.7538e-01 -4.8654e-01
 -4.2060e-01 -3.7883e-01 -1.4430e+00 -9.4384e-01 -6.1361e-01 -3.7465e-01
 -3.7655e-01 -3.7905e-01 -3.8472e-01 -7.4013e-01]
px_res:  [1.8785]
py_res:  [-0.1001]
pz_res:  [0.]
Ts_res:  [0.3  0.8  0.85]
FR1x_res:  [ 4.3530e+01  8.3532e-01  1.3352e-04  2.0688e-06  1.4185e-05  2.1285e+01
  1.1458e+01  0.0000e+00  0.0000e+00  0.0000e+00  0.0000e+00  0.0000e+00
  0.0000e+00  0.0000e+00  4.8093e-04  1.0665e-04 -4.4497e-05  6.6398e-07
  3.3315e-07  6.9861e-07 -2.8114e-06 -5.5666e-15]
FR1y_res:  [-4.3530e+01 -8.3534e-01 -1.6168e-04 -9.7532e-07 -1.7380e-05  2.1728e+00
  5.6652e+01  0.0000e+00  0.0000e+00  0.0000e+00  0.0000e+00  0.0000e+00
  0.0000e+00  0.0000e+00  1.1629e-03  5.4029e-04 -1.7948e-04  1.3585e-06
 -7.7360e-07 -2.1329e-06 -1.8733e-05  1.7942e-15]
FR1z_res:  [1.4510e+02 2.7845e+00 6.8638e-04 9.9638e-04 4.6252e-03 1.8109e+02
 2.2037e+02 0.0000e+00 0.0000e+00 0.0000e+00 0.0000e+00 0.0000e+00
 0.0000e+00 0.0000e+00 4.6379e-03 3.4321e-03 3.7903e-03 3.6823e-03
 3.6912e-03 3.7477e-03 3.8623e-03 3.3333e+02]
Second Level Results:
x_res:  [1.3592 1.3536 1.3493 1.3464 1.3447 1.3443 1.3451 1.347  1.3521 1.3603
 1.3712 1.3848 1.4009 1.4193 1.44   1.4536 1.4678 1.4828 1.4983 1.5145
 1.5312 1.5484 1.5779 1.6085 1.6402 1.6728 1.706  1.7398 1.7739 1.7945
 1.8152 1.836  1.8568 1.8777 1.8987 1.9197 1.955  1.9904 2.026  2.0618
 2.0977 2.1339 2.1703 2.1922 2.2142 2.2362 2.2583 2.2805 2.3028 2.3251
 2.3623 2.3998 2.4374 2.4752 2.5131 2.5512 2.5894 2.6125 2.6356 2.6587
 2.6819 2.7052 2.7285 2.7519 2.7909 2.83   2.8693 2.9088 2.9483 2.988
 3.0278 3.0518 3.0758 3.0999 3.124  3.1481 3.1723 3.1965 3.237  3.2775
 3.3182 3.359  3.3998 3.4408 3.4819 3.5066 3.5313 3.5561 3.5809 3.6057
 3.6306 3.6555 3.6971 3.7387 3.7804 3.8222 3.8641 3.906  3.948  3.9733
 3.9985 4.0238 4.0491 4.0745 4.0998 4.1252 4.1676 4.21   4.2524 4.2949
 4.3374 4.38   4.4226 4.4482 4.4739 4.4995 4.5251 4.5508 4.5764 4.6021
 4.6449 4.6877 4.7306 4.7735 4.8164 4.8593 4.9022 4.9279 4.9537 4.9795
 5.0052 5.031  5.0568 5.0826]
y_res:  [ 5.1623e-02  4.6310e-02  4.1154e-02  3.6216e-02  3.1542e-02  2.7166e-02
  2.3113e-02  1.9395e-02  1.3771e-02  9.0809e-03  5.2681e-03  2.2539e-03
 -5.4570e-05 -1.7561e-03 -2.9493e-03 -3.4166e-03 -3.7541e-03 -3.9799e-03
 -4.1110e-03 -4.1628e-03 -4.1496e-03 -4.0841e-03 -3.9067e-03 -3.6577e-03
 -3.3687e-03 -3.0622e-03 -2.7515e-03 -2.4424e-03 -2.1331e-03 -1.9426e-03
 -1.7530e-03 -1.5673e-03 -1.3880e-03 -1.2171e-03 -1.0561e-03 -9.0605e-04
 -6.7552e-04 -4.7860e-04 -3.1458e-04 -1.8149e-04 -7.6565e-05  3.4449e-06
  6.1985e-05  8.6290e-05  1.0483e-04  1.1828e-04  1.2732e-04  1.3256e-04
  1.3457e-04  1.3388e-04  1.2904e-04  1.1994e-04  1.0814e-04  9.4891e-05
  8.1150e-05  6.7636e-05  5.4855e-05  4.7823e-05  4.1226e-05  3.5101e-05
  2.9469e-05  2.4342e-05  1.9721e-05  1.5598e-05  9.5324e-06  4.7068e-06
  9.9036e-07 -1.7592e-06 -3.6869e-06 -4.9328e-06 -5.6276e-06 -5.7843e-06
 -5.8085e-06 -5.7218e-06 -5.5436e-06 -5.2917e-06 -4.9819e-06 -4.6282e-06
 -3.9861e-06 -3.3014e-06 -2.6089e-06 -1.9349e-06 -1.2989e-06 -7.1549e-07
 -1.9597e-07  7.1721e-08  3.1102e-07  5.1992e-07  6.9627e-07  8.3779e-07
  9.4191e-07  1.0058e-06  1.0400e-06  9.3647e-07  6.7538e-07  2.3447e-07
 -4.1021e-07 -1.2832e-06 -2.4078e-06 -3.2456e-06 -4.1848e-06 -5.2276e-06
 -6.3753e-06 -7.6269e-06 -8.9797e-06 -1.0428e-05 -1.2988e-05 -1.5723e-05
 -1.8534e-05 -2.1280e-05 -2.3772e-05 -2.5765e-05 -2.6954e-05 -2.6960e-05
 -2.6452e-05 -2.5333e-05 -2.3492e-05 -2.0816e-05 -1.7179e-05 -1.2450e-05
 -2.5212e-06  1.1487e-05  3.0247e-05  5.4403e-05  8.4518e-05  1.2102e-04
  1.6410e-04  1.9383e-04  2.2582e-04  2.5991e-04  2.9589e-04  3.3344e-04
  3.7216e-04  4.1152e-04]
z_res:  [0.5816 0.5707 0.5608 0.5519 0.544  0.5369 0.5307 0.5253 0.5174 0.5114
 0.5069 0.5038 0.5018 0.5006 0.5001 0.5    0.5    0.5001 0.5002 0.5003
 0.5005 0.5008 0.5013 0.5019 0.5027 0.5036 0.5046 0.5056 0.5068 0.5076
 0.5083 0.5092 0.51   0.5109 0.5118 0.5127 0.5143 0.516  0.5178 0.5197
 0.5216 0.5236 0.5257 0.527  0.5283 0.5296 0.531  0.5324 0.5338 0.5353
 0.5377 0.5403 0.5429 0.5455 0.5483 0.5511 0.5539 0.5557 0.5574 0.5592
 0.5611 0.5629 0.5648 0.5667 0.5698 0.5731 0.5764 0.5797 0.5831 0.5866
 0.5901 0.5922 0.5944 0.5965 0.5987 0.6009 0.6032 0.6054 0.6092 0.613
 0.6168 0.6207 0.6247 0.6287 0.6327 0.6351 0.6376 0.64   0.6425 0.645
 0.6475 0.65   0.6543 0.6585 0.6628 0.6671 0.6715 0.6759 0.6803 0.6829
 0.6856 0.6883 0.691  0.6937 0.6964 0.6991 0.7036 0.7082 0.7128 0.7174
 0.722  0.7267 0.7313 0.7342 0.737  0.7398 0.7426 0.7454 0.7483 0.7511
 0.7559 0.7606 0.7654 0.7701 0.7749 0.7797 0.7845 0.7873 0.7902 0.7931
 0.796  0.7988 0.8017 0.8046]
xdot_res:  [-0.1304 -0.0991 -0.0686 -0.0389 -0.01    0.0181  0.0453  0.0718  0.1136
  0.1531  0.1904  0.2255  0.2582  0.2887  0.317   0.3331  0.3485  0.363
  0.3767  0.3895  0.4016  0.4129  0.4294  0.4436  0.4556  0.4653  0.4728
  0.478   0.4809  0.4827  0.4844  0.4862  0.4879  0.4896  0.4913  0.4929
  0.4957  0.4984  0.5011  0.5038  0.5064  0.509   0.5115  0.513   0.5145
  0.516   0.5175  0.519   0.5204  0.5218  0.5242  0.5265  0.5288  0.5311
  0.5333  0.5355  0.5376  0.5389  0.5402  0.5414  0.5426  0.5439  0.5451
  0.5463  0.5482  0.5502  0.552   0.5539  0.5557  0.5575  0.5592  0.5603
  0.5613  0.5623  0.5633  0.5643  0.5653  0.5662  0.5678  0.5693  0.5708
  0.5723  0.5737  0.5751  0.5764  0.5772  0.578   0.5788  0.5795  0.5803
  0.581   0.5817  0.5829  0.584   0.5851  0.5861  0.5872  0.5881  0.5891
  0.5896  0.5902  0.5907  0.5912  0.5917  0.5922  0.5927  0.5935  0.5942
  0.5949  0.5956  0.5962  0.5968  0.5973  0.5976  0.5979  0.5982  0.5985
  0.5988  0.599   0.5993  0.5996  0.5999  0.6002  0.6005  0.6007  0.6009
  0.6011  0.6011  0.6012  0.6012  0.6013  0.6013  0.6013  0.6013]
ydot_res:  [-1.2397e-01 -1.2030e-01 -1.1522e-01 -1.0906e-01 -1.0210e-01 -9.4588e-02
 -8.6739e-02 -7.8734e-02 -6.5668e-02 -5.3379e-02 -4.2199e-02 -3.2319e-02
 -2.3822e-02 -1.6705e-02 -1.0904e-02 -7.8749e-03 -5.2692e-03 -3.0579e-03
 -1.2095e-03  3.0837e-04  1.5284e-03  2.4832e-03  3.4869e-03  4.0453e-03
  4.2917e-03  4.3488e-03  4.3282e-03  4.3302e-03  4.4439e-03  4.4246e-03
  4.3333e-03  4.1835e-03  3.9878e-03  3.7570e-03  3.5008e-03  3.2273e-03
  2.7569e-03  2.2964e-03  1.8632e-03  1.4690e-03  1.1201e-03  8.1956e-04
  5.6712e-04  4.3250e-04  3.1403e-04  2.1090e-04  1.2218e-04  4.6853e-05
 -1.6110e-05 -6.7773e-05 -1.2737e-04 -1.6516e-04 -1.8551e-04 -1.9237e-04
 -1.8919e-04 -1.7894e-04 -1.6408e-04 -1.5393e-04 -1.4293e-04 -1.3141e-04
 -1.1963e-04 -1.0783e-04 -9.6208e-05 -8.4911e-05 -6.7559e-05 -5.2030e-05
 -3.8494e-05 -2.6987e-05 -1.7443e-05 -9.7267e-06 -3.6577e-06 -5.6494e-07
  2.0247e-06  4.1571e-06  5.8771e-06  7.2285e-06  8.2530e-06  8.9897e-06
  9.5860e-06  9.6951e-06  9.4364e-06  8.9040e-06  8.1675e-06  7.2732e-06
  6.2462e-06  5.5837e-06  4.8742e-06  4.1150e-06  3.3020e-06  2.4296e-06
  1.4910e-06  4.7864e-07 -1.4493e-06 -3.6553e-06 -6.1727e-06 -9.0255e-06
 -1.2222e-05 -1.5745e-05 -1.9549e-05 -2.1913e-05 -2.4334e-05 -2.6778e-05
 -2.9205e-05 -3.1565e-05 -3.3797e-05 -3.5832e-05 -3.8294e-05 -3.9355e-05
 -3.8444e-05 -3.4885e-05 -2.7906e-05 -1.6639e-05 -1.4799e-07  1.1839e-05
  2.6131e-05  4.2936e-05  6.2452e-05  8.4865e-05  1.1034e-04  1.3901e-04
  1.9611e-04  2.6264e-04  3.3818e-04  4.2162e-04  5.1097e-04  6.0317e-04
  6.9380e-04  7.4632e-04  7.9546e-04  8.3944e-04  8.7621e-04  9.0346e-04
  9.1854e-04  9.1854e-04]
zdot_res:  [-2.5483e-01 -2.3053e-01 -2.0742e-01 -1.8550e-01 -1.6477e-01 -1.4523e-01
 -1.2688e-01 -1.0972e-01 -8.4430e-02 -6.2443e-02 -4.3760e-02 -2.8384e-02
 -1.6313e-02 -7.5471e-03 -2.0870e-03 -7.1132e-07  1.2818e-03  2.5300e-03
  3.7446e-03  4.9259e-03  6.0737e-03  7.1883e-03  8.9536e-03  1.0627e-02
  1.2207e-02  1.3696e-02  1.5092e-02  1.6396e-02  1.7607e-02  1.8329e-02
  1.9045e-02  1.9756e-02  2.0462e-02  2.1162e-02  2.1857e-02  2.2547e-02
  2.3682e-02  2.4803e-02  2.5908e-02  2.7000e-02  2.8076e-02  2.9138e-02
  3.0185e-02  3.0808e-02  3.1426e-02  3.2038e-02  3.2645e-02  3.3247e-02
  3.3844e-02  3.4435e-02  3.5406e-02  3.6363e-02  3.7305e-02  3.8232e-02
  3.9144e-02  4.0042e-02  4.0925e-02  4.1450e-02  4.1969e-02  4.2484e-02
  4.2992e-02  4.3496e-02  4.3994e-02  4.4487e-02  4.5294e-02  4.6087e-02
  4.6865e-02  4.7628e-02  4.8377e-02  4.9111e-02  4.9830e-02  5.0256e-02
  5.0677e-02  5.1093e-02  5.1504e-02  5.1909e-02  5.2309e-02  5.2704e-02
  5.3347e-02  5.3976e-02  5.4589e-02  5.5189e-02  5.5773e-02  5.6343e-02
  5.6899e-02  5.7227e-02  5.7549e-02  5.7867e-02  5.8179e-02  5.8486e-02
  5.8787e-02  5.9084e-02  5.9563e-02  6.0027e-02  6.0477e-02  6.0912e-02
  6.1333e-02  6.1739e-02  6.2130e-02  6.2359e-02  6.2584e-02  6.2802e-02
  6.3016e-02  6.3224e-02  6.3427e-02  6.3625e-02  6.3940e-02  6.4240e-02
  6.4526e-02  6.4796e-02  6.5053e-02  6.5294e-02  6.5521e-02  6.5652e-02
  6.5777e-02  6.5897e-02  6.6012e-02  6.6122e-02  6.6226e-02  6.6325e-02
  6.6475e-02  6.6611e-02  6.6732e-02  6.6838e-02  6.6929e-02  6.7006e-02
  6.7068e-02  6.7100e-02  6.7126e-02  6.7148e-02  6.7163e-02  6.7174e-02
  6.7179e-02  6.7179e-02]
px_res:  [2.1947 2.5178 2.8339 3.157  3.4731 3.7963 4.1123 4.4355 4.717 ]
py_res:  [ 0.1108 -0.0939  0.1046 -0.1     0.0985 -0.1061  0.0924 -0.1123  0.1992]
pz_res:  [0. 0. 0. 0. 0. 0. 0. 0. 0.]
Ts_res:  [0.1506 0.5128 0.6726 1.0307 1.1876 1.5434 1.6985 2.0529 2.2067 2.56
 2.7128 3.0652 3.2172 3.5688 3.7201 4.0711 4.2219 4.5723 4.7226]
The  4 Round:
[[10.  -0.5 -0.5 10. ]
 [ 0.5  0.5 -0.5 -0.5]
 [ 0.   0.   0.   0. ]]
[[10.  -0.5 -0.5 10. ]
 [ 0.5  0.5 -0.5 -0.5]
 [ 0.   0.   0.   0. ]]
[[10.  -0.5 -0.5 10. ]
 [ 0.5  0.5 -0.5 -0.5]
 [ 0.   0.   0.   0. ]]
[[10.  -0.5 -0.5 10. ]
 [ 0.5  0.5 -0.5 -0.5]
 [ 0.   0.   0.   0. ]]
[[10.  -0.5 -0.5 10. ]
 [ 0.5  0.5 -0.5 -0.5]
 [ 0.   0.   0.   0. ]]
[[10.  -0.5 -0.5 10. ]
 [ 0.5  0.5 -0.5 -0.5]
 [ 0.   0.   0.   0. ]]
[[10.  -0.5 -0.5 10. ]
 [ 0.5  0.5 -0.5 -0.5]
 [ 0.   0.   0.   0. ]]
[[10.  -0.5 -0.5 10. ]
 [ 0.5  0.5 -0.5 -0.5]
 [ 0.   0.   0.   0. ]]
[[10.  -0.5 -0.5 10. ]
 [ 0.5  0.5 -0.5 -0.5]
 [ 0.   0.   0.   0. ]]
[[10.  -0.5 -0.5 10. ]
 [ 0.5  0.5 -0.5 -0.5]
 [ 0.   0.   0.   0. ]]

=======================================
           Academic License
       (NOT FOR COMMERCIAL USE)
         Artelys Knitro 10.3.0
=======================================

Knitro presolve eliminated 295 variables and 17314 constraints.

Knitro changing algorithm from AUTO to 1.
Knitro changing bar_initpt from AUTO to 3.
Knitro changing bar_murule from AUTO to 4.
Knitro changing bar_penaltycons from AUTO to 1.
Knitro changing bar_penaltyrule from AUTO to 2.
Knitro changing bar_switchrule from AUTO to 2.
Knitro changing linesearch from AUTO to 1.
Knitro changing linsolver from AUTO to 5.
Knitro shifted start point to satisfy presolved bounds (100 variables).
Knitro fixing 295 variables eliminated from the presolve.

Problem Characteristics                    ( Presolved)
-----------------------
Objective goal:  Minimize
Number of variables:                        2455 (      2160)
    bounded below only:                        0 (         0)
    bounded above only:                        0 (         0)
    bounded below and above:                2455 (      2160)
    fixed:                                     0 (         0)
    free:                                      0 (         0)
Number of constraints:                     35004 (     17710)
    linear equalities:                      1405 (       807)
    nonlinear equalities:                    294 (       294)
    linear one-sided inequalities:         33283 (     16609)
    nonlinear one-sided inequalities:          0 (         0)
    linear two-sided inequalities:            22 (         0)
    nonlinear two-sided inequalities:          0 (         0)
Number of nonzeros in Jacobian:           185066 (     81882)
Number of nonzeros in Hessian:              6169 (      4735)

  Iter      Objective      FeasError   OptError    ||Step||    CGits 
--------  --------------  ----------  ----------  ----------  -------
       0    2.787367e+02   5.226e+01
      10    6.768891e+02   9.308e+00   2.397e+02   2.834e+02        0
      20    6.989597e+02   3.492e+00   2.732e+03   5.234e+01        0
      30    3.146683e+02   6.676e-02   1.593e+02   2.260e+02        0
      40    2.833501e+02   1.138e-02   1.881e+00   5.145e+01        0
      50    2.829255e+02   1.141e-02   3.352e+06   2.284e-02        0
      60    2.831273e+02   1.417e-02   1.103e+06   1.414e-01        0
      70    2.835416e+02   1.583e-02   5.060e+05   5.943e-02        0
      80    2.839768e+02   1.844e-02   1.696e+05   3.401e+00        0
      90    2.848291e+02   2.158e-02   7.110e+04   1.838e-01        0
     100    2.848785e+02   2.224e-02   5.553e+04   4.140e-01        0
     110    2.848277e+02   2.288e-02   3.968e+04   2.897e-01        0
     120    2.847926e+02   2.346e-02   2.585e+04   3.904e-01        0
     130    2.849661e+02   2.407e-02   2.482e+04   6.483e-01        0
     140    2.853344e+02   2.473e-02   2.227e+04   3.951e-01        0
     150    2.856198e+02   2.570e-02   9.039e+03   1.942e+00        0
     160    2.854551e+02   2.611e-02   3.340e+03   1.646e+00        0
     170    2.856515e+02   2.848e-02   2.360e+03   9.608e+00        0
     180    2.854501e+02   3.231e-02   6.614e+02   3.626e+00        0
     190    2.862784e+02   4.645e-02   1.939e+02   3.183e+01        0
     200    2.885420e+02   5.483e-02   1.670e+02   8.221e-01        0
     210    3.004147e+02   7.449e-02   1.327e+02   4.265e-02        0
     220    3.590661e+02   7.678e-02   3.652e+02   1.434e+01        8
     230    6.395873e+02   7.670e-02   4.268e+02   9.903e+01        0
     240    6.377648e+02   7.662e-02   4.207e+02   6.571e+00        0
     250    6.504803e+02   7.659e-02   4.244e+02   1.046e-02        0
     260    6.728625e+02   7.654e-02   4.056e+02   1.169e+00        0
     270    6.825673e+02   7.651e-02   4.063e+02   3.480e+00        0
     280    6.692054e+02   7.649e-02   4.050e+02   3.096e+00        0
     290    6.744290e+02   7.646e-02   4.166e+02   1.360e+01        0
     300    6.888163e+02   7.645e-02   4.209e+02   3.227e+01        0
     310    7.070220e+02   7.644e-02   4.196e+02   2.880e+01        0
     320    7.286216e+02   7.643e-02   4.216e+02   2.361e-02        0
     330    7.387795e+02   7.643e-02   4.114e+02   3.351e-02        0
     340    8.232683e+02   7.643e-02   3.904e+02   1.048e-02        0
     350    8.275018e+02   7.643e-02   3.894e+02   2.886e+02        0
     355    8.273563e+02   7.643e-02   3.893e+02   3.231e-01        0

EXIT: Convergence to an infeasible point. Problem appears to be locally
      infeasible. If problem is believed to be feasible, try multistart 
      to search for feasible points, or decrease infeastol.

Final Statistics
----------------
Final objective value               =   8.27356288942545e+02
Final feasibility error (abs / rel) =   7.64e-02 / 1.46e-03
Final optimality error  (abs / rel) =   3.89e+02 / 1.00e+00
# of iterations                     =        355 
# of CG iterations                  =        346 
# of function evaluations           =        601
# of gradient evaluations           =        357
# of Hessian evaluations            =        356
Total program time (secs)           =      20.36563 (    20.317 CPU time)
Time spent in evaluations (secs)    =       1.23423

===============================================================================

      solver  :   t_proc      (avg)   t_wall      (avg)    n_eval
      nlp_fg  | 660.18ms (  1.10ms) 661.13ms (  1.10ms)       602
   nlp_gf_jg  | 499.77ms (  1.40ms) 501.31ms (  1.40ms)       357
    nlp_grad  |   2.03ms (  2.03ms)   2.03ms (  2.03ms)         1
  nlp_hess_l  |  51.32ms (144.16us)  51.36ms (144.26us)       356
       total  |  20.55 s ( 20.55 s)  20.57 s ( 20.57 s)         1
Fail at Round  4
Total Program Time:  20.5544
Accumulated Full Cost is:  6.8004
Accumulated Acc Cost is:  6.2543
Accumulated Momentum Cost is:  0.5461
Total Cost is:  753.9452
Terminal Cost is:  747.1448
Terminal X position is:  1.3592
Terminal Y position is:  0.0516
Terminal Z position is:  0.5816
